0.0000
0.0000
1.4322
1.0471
-0.0313
1.5114
0.8142
1.2173
0.3075
1.3680
-1.0616
1.3416
-0.8971
0.8333
-2.0036
-0.7033
-1.3330
-1.0656
-0.4549
-0.1473
-1.2831
-2.0296
-1.0109
-2.3409
-3.1489
-2.6329
-2.0436
-2.2509
-2.9590
-1.0080
-2.6190
-1.7558
-1.3661
-2.2110
-2.3875
-2.7194
-2.1174
-2.0964
-2.6379
-0.3212
-2.0275
-1.9256
-3.1890
-2.0620
-2.5584
-1.2406
-3.3518
-2.2507
-3.9482
-1.2794
-3.6174
-1.8822
-2.5530
-2.9702
-3.8762
-1.0891
-3.1628
-2.0572
-2.6717
-1.4168
-2.5961
-1.1716
-1.9073
-2.4765
-1.0754
-2.4653
-2.4874
-2.3526
-1.0951
-2.3520
-2.3881
-1.4725
-1.6886
-1.6942
-1.9256
-1.5725
-2.1768
0.1982
-0.4060
0.0793
-1.0058
-0.2291
-0.0717
0.5608
-0.0235
-0.0075
-0.4783
-0.5078
-1.3736
-1.1732
0.0652
0.1621
-0.1635
1.7841
0.6804
1.0999
1.3939
0.1292
0.3470
-0.1309
1.7551
-0.0932
2.0557
-0.3159
1.8224
0.0783
2.9925
-0.2383
2.8327
1.1169
2.7714
0.0747
2.9722
0.9425
1.0020
0.0320
1.5823
0.4367
0.5922
0.7375
1.3388
-0.0079
1.9287
-0.0429
1.4233
0.0646
1.1748
1.3207
0.4041
0.3824
-0.2326
-0.1460
0.7940
0.4787
0.8915
-0.3598
1.7273
-0.2164
0.0917
-0.8654
-0.4625
-0.3000
-0.9150
-0.7490
-1.5772
0.0960
-0.6889
1.0934
-0.6226
0.0364
-1.4146
1.1271
-0.2072
-0.1880
-1.1545
0.1134
0.4447
-0.0105
-0.9654
1.3192
1.4135
0.5400
-0.0339
0.6846
0.9122
0.0877
1.7419
-1.4584
1.4685
-0.0212
0.9813
-0.3449
0.6425
-0.1349
-0.5816
-1.4779
-1.8786
-0.5834
-0.9247
0.0407
-1.0033
-0.7087
-2.0300
-1.0126
-1.5011
-0.9326
-2.5903
-1.8392
-3.0717
-1.3541
-3.3004
-1.2221
-2.8750
-1.8067
-1.3026
-2.1038
-1.4363
-3.5440
-1.5647
-3.4691
-2.2403
-3.4918
-2.9785
-1.7508
-1.2068
-2.2695
-1.9491
-2.8519
-1.5720
-2.9720
-0.9345
-1.8597
-1.2546
-2.3030
-1.0846
-2.1925
-0.9240
-0.6839
-2.2074
-1.1128
-2.5165
-0.9824
-2.2042
0.1210
-2.4741
0.8724
-2.3678
0.6032
-0.4415
-0.8465
-1.4182
0.1688
-0.6587
-0.2659
-1.2645
-0.6075
-0.2999
-0.0720
0.4013
0.1723
1.6278
0.3991
0.7265
0.7410
0.4895
-0.0279
-0.1581
-0.3715
-0.5846
0.0386
-0.3689
0.8752
-1.5225
1.6167
-1.3203
0.7334
-1.2487
2.3481
0.0665
0.9323
0.7743
0.2885
0.1452
-0.0235
0.8761
0.5172
0.7281
0.0718
0.6873
0.2810
0.9135
-0.1004
1.1771
0.0279
1.7908
1.2761
1.0405
0.3913
-0.0478
0.5860
0.0149
0.6866
-0.9320
-0.5641
-0.4529
0.0880
0.2379
0.3022
-1.5668
0.5947
-0.0882
0.3527
-0.4624
0.4818
-0.6258
-0.1522
0.2011
0.2829
-1.4441
-0.6233
-1.5456
-0.6463
-1.7178
-0.1482
-2.3990
-1.2705
-0.8183
-0.3021
-0.1963
0.0905
-0.6389
1.4840
0.4826
0.0801
0.4482
1.0022
-0.1961
-1.0396
-0.7838
-1.3709
-0.9703
-0.9499
1.0220
1.0218
0.9662
-0.4247
-0.4448
1.0181
0.3026
0.3416
-0.0207
1.6554
-0.2654
1.9422
-0.7828
1.5915
0.1757
0.7266
-0.5185
-0.5559
-1.2065
-1.6324
-1.7355
-1.4077
-3.0535
-1.2966
-2.3631
-0.1255
-3.0003
0.7574
-3.1107
-0.6926
-2.0847
-1.3367
-3.3642
-1.1960
-2.4234
-1.8231
-2.6163
-0.8960
-2.1285
0.6071
-1.9732
-0.7766
-0.4215
0.4189
-1.3609
1.1986
0.2188
1.1839
0.0488
0.1896
-0.0864
-0.3805
0.0149
-0.3710
-0.3995
-0.2196
0.9918
-0.5306
0.7182
-0.1536
0.0330
-0.4705
-1.4502
-1.2813
0.7265
-0.2095
1.6698
-1.3921
1.2293
-1.5585
1.5048
-0.8385
1.9841
-0.7577
1.4495
-0.3703
0.2103
-1.7531
0.0366
-0.7137
0.4457
-2.4614
1.3875
-2.0783
1.3296
-1.5942
0.6354
-1.0552
1.5553
-1.8009
1.8422
-2.2903
-0.2387
-2.0367
-0.0760
-0.6628
1.3905
0.0598
1.5624
0.2783
0.2140
0.6049
-0.0293
-0.4189
1.1199
-1.2848
1.4522
-1.3230
1.1005
-0.2429
-0.2502
-0.5365
0.3907
-0.8289
0.9475
0.2706
0.3181
0.0794
2.2479
0.6172
0.2502
-0.7145
-0.0343
-0.6412
-0.3091
-1.0805
0.0314
-0.7129
0.4034
0.7189
0.7320
-0.2591
0.7250
-0.2914
-0.3953
-0.7827
0.1841
-1.3997
-1.4620
-0.1619
-1.6125
-0.1490
-0.6696
-2.0738
-0.3756
-1.2501
0.3950
-1.1892
-0.7392
-0.4666
0.1044
-2.0904
-0.9508
-1.0091
-0.7873
-0.2680
0.0033
-0.2941
-0.4259
-0.1869
-0.5138
-0.2837
0.7708
-0.9600
-0.1810
0.2567
0.6196
-0.2171
0.6601
0.0538
-0.5825
1.4499
-1.6899
1.6088
-0.1342
0.6496
-0.7884
0.5588
0.8085
1.0695
-0.3690
0.1265
0.3845
0.1873
-0.9301
-1.6292
-1.0133
-0.6575
-0.7767
-0.8008
-0.7158
-1.6584
0.6984
-0.6881
0.6325
-1.6735
1.0247
-0.9249
0.0074
-0.8720
1.1827
-0.1151
-0.0591
0.1843
-0.6277
0.9941
-0.0489
-0.0563
-0.6965
0.0414
-0.3203
0.2395
-1.3345
1.3631
-1.2856
0.3933
0.5486
-0.2080
0.6718
-0.0616
-0.5070
-0.5145
-0.4942
-0.8859
0.9126
0.7435
1.2781
-0.7342
-0.6257
1.3701
0.2210
2.0551
1.0681
0.4609
2.2460
1.4176
2.2930
1.2814
1.7211
1.2090
1.1632
0.3332
2.8284
0.5569
3.0243
0.1645
1.5632
2.1343
1.1632
1.7508
1.2346
0.4335
0.7041
1.6360
1.2830
0.8677
0.6345
0.6913
1.3321
-0.0119
0.6702
0.9366
0.4862
1.6320
1.3548
1.4919
0.4235
0.5105
-0.7759
-0.9035
-0.5341
-0.4123
-0.2518
-1.3683
0.0531
-1.3198
-0.5173
-0.7615
-1.9848
-0.3446
-0.6770
-0.7929
-1.8584
-0.3228
-0.9742
-2.1112
-1.2789
-1.1459
-2.2868
-2.3339
-1.4115
-1.1239
-2.9060
-0.7684
-2.0858
-1.1033
-2.2942
-1.5360
-1.5956
-1.4385
-0.8199
0.1327
-0.8688
0.7192
-0.0705
1.1924
-0.5915
-0.0080
-1.0776
0.7850
0.1062
-0.1119
-0.7097
-0.0418
-1.4493
0.6821
-1.1425
0.5410
-1.3873
-0.4187
0.1768
0.0504
-0.4096
-1.1814
-0.9906
-0.9811
-1.8918
-0.0930
-1.8376
-1.2001
-1.4155
-0.8369
-1.2187
-0.0396
-2.0851
0.6787
-2.0044
-1.0432
-0.7331
-1.0703
-0.2120
-0.8021
-1.0331
-1.6127
0.3659
-1.8820
-1.0176
-0.3986
-0.1780
-1.5311
-0.1380
-0.7388
-0.6750
-0.5988
-1.9372
-1.2101
-2.2514
-1.7340
-3.2296
-1.6700
-3.1410
0.0578
-2.4061
-0.9372
-1.2810
-1.5732
-1.6925
-1.3581
-2.5924
-1.0927
-1.4330
-1.4577
-2.5302
-0.5673
-1.5892
-1.1459
-1.2958
0.2507
-0.7269
0.5231
-1.2611
-0.2416
-1.8757
-0.6965
-1.3499
-0.3949
-0.8602
-0.3951
-2.0938
-0.5563
-0.0296
0.4391
-0.5307
-0.4115
-0.6602
-0.0210
-0.6371
0.3971
-0.9434
-0.0860
0.8215
0.6984
1.2424
-0.8210
0.8751
-1.3536
0.1190
-0.7488
-0.3224
0.6716
0.0848
1.7136
-0.9584
0.3941
-0.6799
0.4588
0.4801
0.8151
-0.2168
-0.0813
0.4199
0.0042
-0.0179
0.1485
-1.2405
-1.3331
-2.0259
-1.1431
-1.4391
0.5235
-2.2371
0.4359
-1.8036
-1.0234
-0.1979
-0.3463
-0.9139
1.4263
0.3503
0.2877
-0.9196
-0.6914
0.9865
-0.0205
1.0496
-0.1259
0.8443
0.3176
0.0388
-0.3303
0.3010
-1.2538
0.0368
-0.7131
0.6653
0.4849
0.7527
0.5586
-0.4323
0.0683
-0.5326
-0.3689
-1.3611
1.1029
0.2991
0.5261
-0.6484
0.4727
-0.8648
0.8117
0.4627
0.3972
0.2998
-0.6310
0.9536
-0.7122
-0.2336
-0.1720
-1.1946
-0.6016
-0.3279
-0.4109
-0.7529
-1.4659
-1.4102
-1.4405
-1.8509
0.2331
-2.0497
-1.4033
-1.9512
-1.9101
-0.7398
-1.6204
-1.9661
-1.0050
-1.3987
-0.9081
-1.3040
-1.1328
-2.3815
-0.6812
-2.1890
-0.8785
-3.0522
-0.7518
-2.4568
-1.6115
-3.2919
-1.4183
-2.6235
-1.7909
-2.1319
-0.0029
-1.8875
-1.4222
-1.7821
-2.0905
-2.5824
-2.6798
-1.5278
-1.2681
-1.6037
-1.4069
-1.5515
-1.0061
-2.3099
-1.5744
-1.4691
-0.1436
-0.7185
-0.7678
-1.2408
-1.2032
-1.5166
0.0162
-0.8721
-0.2189
-1.9803
0.1809
-1.7102
-1.4078
-2.7298
-0.5129
-2.3407
-1.3166
-0.6635
-1.0346
-0.4771
-1.3455
-0.5666
-0.5917
-2.5913
-2.3907
-2.7467
-2.6528
-1.0242
-0.6221
-2.1239
0.3120
-1.8081
-0.8869
0.5179
-0.5306
-0.0476
-1.1359
-0.4545
-0.9501
-0.8755
0.3484
-1.2384
-0.6667
-0.5750
-0.3717
-0.7065
-0.8373
-0.5429
0.8134
-0.5371
0.9152
-0.7828
0.4895
0.1478
0.7986
-0.5483
-0.4121
-0.3493
-0.3918
-0.1691
-1.0671
-0.8782
-0.8966
0.3132
0.7081
0.3108
-0.6795
0.0203
-1.2852
-0.0920
0.0127
-1.2648
-1.0948
-1.4640
-0.1913
0.0131
1.2356
-0.7074
0.5603
-0.7509
-0.7772
0.6689
-1.2678
1.0123
-1.2189
-0.0225
-1.2031
1.4445
-1.0725
0.3316
0.6264
0.9250
-0.0884
1.3670
1.6433
2.0989
2.1642
1.2639
1.1298
0.6292
0.1099
0.4241
1.0301
0.4533
-0.1186
-0.0732
0.7685
0.5628
1.3778
-0.5607
0.2558
-1.4239
0.7821
0.2629
1.9625
0.3932
1.8784
1.2447
0.8793
0.9394
0.4321
1.3437
1.1403
1.5544
1.8493
1.9533
2.0494
4.3836
2.8724
3.8501
2.6399
3.9565
1.6296
2.5714
1.8660
3.5236
0.6727
1.2933
1.8500
0.5892
1.7227
1.0149
0.4430
0.0902
1.6172
0.6309
1.6648
-0.3770
2.6715
0.5947
1.7730
-1.0263
1.1097
-0.7928
2.1291
-0.5886
0.5615
-0.4906
1.3236
-0.1862
0.2030
-0.2794
-0.3655
-1.4345
0.2041
-0.4334
-1.3608
-0.7991
-2.0696
-0.7560
-2.7363
-1.4174
-2.1977
-1.1674
-1.5112
-2.8477
-2.2076
-1.4049
-0.1704
-1.5236
0.2239
-0.6454
-0.6292
-1.7954
-1.5365
-1.4153
-1.2010
-2.0555
-1.2928
-2.0755
-0.9396
-1.0918
-0.4591
-0.7996
-1.8491
-1.2106
-1.3076
-2.6670
-1.0029
-1.8494
-1.2283
-1.6997
-1.5419
-2.2633
-1.0261
-2.0867
-0.3148
-1.6833
-0.8126
0.0708
-1.4669
0.4801
-1.6040
0.8473
-0.5020
-0.3141
-1.4923
0.1656
-1.1905
0.7875
-0.2374
-0.1672
0.6283
-0.3200
-0.4634
0.9732
-1.2579
1.6907
-0.8702
0.3567
-1.7375
-0.3602
-0.8313
1.1233
-0.6034
1.0228
-1.6325
-0.0011
-1.8327
0.2876
-2.4804
0.2526
-1.8754
-0.0948
-1.3993
-1.1410
-1.1527
0.3646
-1.2521
-1.0083
-0.5558
0.8482
-1.3023
0.8112
-0.3459
-0.4171
-1.4124
1.5402
-0.5678
0.8793
-0.5222
2.9382
-0.4237
1.0841
-1.2852
0.3442
-0.4757
0.8203
-0.9203
1.4301
-0.8995
1.3793
-0.1945
0.7224
-1.3425
0.4394
0.6829
0.6787
-0.7696
0.5408
0.8368
-0.9617
-0.7327
-1.2153
-0.3692
-1.6381
-0.4482
-0.0196
1.3004
0.5045
-0.5929
0.8678
-1.1807
0.8099
-0.7159
0.6700
-1.3920
0.2078
-0.7939
-0.1059
-0.7379
-0.4988
-0.6153
-0.6879
-1.8718
-0.1581
-2.3844
0.6560
-1.2949
0.1003
-1.1302
0.3131
-0.3811
-0.3471
0.5057
0.4818
0.0166
0.8767
0.9517
0.7322
0.9176
0.7281
-0.3641
1.4692
0.2394
1.9029
1.2538
1.9556
1.1321
0.7115
2.2053
0.5466
0.5045
0.3905
1.2719
0.1377
0.2400
1.0595
-0.0050
0.6334
-0.3414
0.3727
-0.3270
0.9828
-0.2990
0.8356
0.6974
1.3334
1.2176
1.2021
-0.4128
0.8397
-0.4219
1.5847
0.5195
-0.3744
1.0157
-0.1822
0.9665
-1.2505
0.4573
-2.2127
-0.0064
-2.3855
0.0107
-1.9950
-0.1485
-0.8081
0.7374
-0.6263
-1.4327
-0.3502
-2.1530
-1.5496
-1.5259
-1.4762
0.1566
-0.6965
0.0339
-0.2467
-0.1572
-1.4331
0.7156
-1.3257
-0.1416
-0.1318
-0.5695
-0.4972
0.5997
0.6996
-0.1476
0.4933
0.6931
0.3253
1.4665
0.5709
-0.2640
0.8367
-0.0897
0.6638
0.9323
0.3585
1.2291
-0.9308
1.6920
0.2864
1.0434
-1.0532
-0.1760
-1.3339
-0.7100
-1.7892
-0.6782
-1.6056
-0.7811
-0.5106
0.2044
0.0698
0.0643
0.2524
-0.7868
0.1507
0.8305
0.0130
-0.2345
0.1430
1.1697
-0.1141
1.2594
2.5507
1.1315
3.1058
1.0885
1.7344
-0.4338
0.0074
0.4973
0.2354
-1.3288
-1.4712
-0.5189
-0.6060
0.1442
-0.6501
-0.7334
-1.3264
0.1776
-1.5725
-1.6810
-0.2255
-0.5877
-0.7986
1.3866
0.4195
-0.5059
1.1400
-0.4438
1.0049
-0.3368
0.9606
-1.0743
0.6141
-0.2400
0.0510
0.2298
0.1784
0.4963
-0.1200
2.1923
2.0398
1.2754
1.6883
1.2349
1.9418
3.0662
2.7383
3.8236
1.9572
1.8728
3.4821
2.5065
3.2480
0.8525
3.1143
2.0469
3.0814
2.7808
3.7795
2.0674
2.4304
2.7935
1.2032
1.8383
2.0470
3.2443
2.6256
2.4687
2.7353
2.3799
2.1568
1.8464
1.9491
2.9833
2.7125
2.6343
1.8005
2.2518
1.7244
1.7952
0.5758
0.5114
0.9048
-0.0986
1.0684
1.2451
-0.3106
1.0698
-0.1030
-0.0249
-0.0339
-0.8868
-0.7474
0.4643
-0.0504
-0.1668
0.2695
0.9877
-0.0176
-0.2214
0.6151
1.7732
0.1681
2.2992
0.6556
1.0576
-0.3498
-0.2299
-0.9522
-0.1614
-0.8573
-0.9549
-0.4896
-1.0287
0.8831
0.2201
-0.0416
0.7300
-1.0075
-0.6487
-1.5081
0.1464
-1.9096
-0.4897
-1.3553
0.2153
-1.0842
1.3596
1.4593
0.0024
-0.3667
0.1689
1.2193
0.6466
2.0310
0.5310
2.5110
2.1559
3.2357
1.8018
2.4706
1.4478
1.6532
0.7514
2.1247
1.6521
2.7761
1.9234
2.8819
2.2980
1.3559
2.6888
2.2363
2.2620
1.9771
1.2172
2.1756
0.9207
2.4224
0.7558
1.9712
0.8101
2.6561
1.2904
2.8239
0.3266
3.1939
0.9461
2.9595
0.9372
3.1341
1.9460
4.0510
1.7384
3.1194
1.1031
3.3162
1.1552
4.4323
2.7858
3.6154
1.4984
3.0748
1.6239
2.7141
1.8536
1.2033
0.9116
1.7427
0.3198
3.3413
1.9230
1.8217
2.4711
2.6939
1.5257
3.5422
2.6750
2.0672
3.4371
3.4610
2.3146
2.8022
1.9792
3.6762
2.0275
3.6571
1.2680
2.8562
2.5317
2.8689
1.6433
2.7157
0.3854
2.0901
0.8292
2.7289
1.6009
2.9666
1.4157
2.6168
1.6501
1.8728
0.3558
2.1213
0.8925
3.2033
2.0104
3.0727
2.4324
1.9150
2.1319
2.7254
2.5430
2.0094
2.4490
2.1596
2.5199
1.8611
1.7423
2.4226
1.6347
3.3602
2.6594
3.6482
2.0501
3.7124
1.5158
3.2407
2.1357
4.6822
2.4306
4.4947
2.1389
4.1264
2.1268
3.6698
3.1794
3.2990
2.6425
4.6929
2.3378
4.3656
2.9695
3.9576
3.9892
2.5064
3.1033
3.2764
3.4075
5.0408
3.7503
4.3079
3.6828
4.1332
2.9358
4.6007
2.3832
2.6325
3.2457
4.0672
2.5172
4.1788
1.6949
3.8489
2.4234
4.1667
1.1641
4.5037
1.1141
3.2143
1.2722
4.2042
2.1482
2.8701
2.8077
2.7885
2.0008
2.8444
1.3952
2.7767
2.2591
4.4542
2.9504
2.9628
1.6048
3.3648
2.9077
2.7192
2.0872
2.5853
2.1512
3.2394
3.0248
3.0593
3.0969
0.8738
2.3275
0.7870
1.3513
0.9597
1.2167
0.9732
0.6080
2.1297
0.6701
1.6459
1.7717
2.1625
0.5560
2.0203
1.7626
1.6498
1.5982
0.0894
2.6852
1.3530
1.5596
-0.3201
1.0452
0.9348
2.1172
-0.1522
2.8369
1.1713
2.5992
0.1120
1.6116
0.0527
1.3601
1.0164
0.4948
1.0908
0.8785
2.2770
2.2389
2.7417
0.9440
2.5229
1.2043
3.0303
0.8237
1.6665
-0.0369
2.3394
0.4462
2.8400
0.9602
1.9916
1.5605
0.8053
-0.0796
1.2251
-0.0935
1.0754
0.1109
0.1356
0.1697
0.7664
-0.4828
1.7471
-1.2430
1.3614
0.3735
-0.0411
-0.8750
1.8174
0.1067
2.2139
-0.8060
3.0661
-0.4466
2.4109
1.8820
0.9266
0.7714
0.2929
0.8368
1.5517
1.6634
1.0043
1.0113
1.3826
0.4676
2.1177
0.9970
1.6607
2.1912
2.4667
0.3058
2.6127
1.5969
2.7116
1.7149
1.3390
1.5670
2.3899
1.8092
1.4267
2.4943
1.5012
0.4261
0.9397
0.4999
0.7536
0.4195
2.2638
1.2407
1.4896
1.3096
0.3167
0.6884
0.0025
1.6482
-0.2463
1.1660
1.1044
2.1191
-0.2217
1.8586
0.4229
0.5267
1.3221
1.5866
1.1936
1.2485
1.2943
0.6352
1.6347
0.9194
1.9330
1.8439
2.4947
1.6196
1.6930
2.1677
3.0978
1.7836
2.3490
0.8949
1.8308
0.4854
1.1560
0.6963
1.4539
0.4072
2.6381
1.2657
2.5318
0.3258
2.4240
0.8545
2.2918
1.3375
2.2869
0.8297
2.6654
0.1062
3.2259
0.2284
3.9701
1.9112
4.1637
2.5711
3.8328
1.1939
3.5551
1.6057
2.0448
1.8065
3.2340
2.0415
3.0384
2.2956
2.8200
2.9147
1.6364
2.1287
2.5537
2.9588
2.3499
2.5985
1.8283
1.9947
2.1230
3.3065
0.8814
2.6404
1.5356
2.7770
2.7528
3.2725
2.2583
3.3749
1.7738
1.3285
3.1040
1.0529
1.7501
2.0326
1.7859
0.7967
1.6292
1.1364
0.3322
0.5198
0.2188
-0.1723
1.0085
0.3365
0.4423
0.4835
1.4640
0.4707
1.2199
0.6692
-0.2816
0.6819
-0.6193
1.2071
0.5100
2.0016
-0.7578
1.2874
-0.2367
0.3494
0.7776
1.2375
1.3990
0.3273
1.3330
0.7400
0.4404
0.4518
0.4426
2.2615
1.2239
2.0300
1.4309
1.9663
0.2902
1.8415
0.2854
1.5571
1.6505
1.6766
1.5477
1.5731
0.2238
1.1331
1.5605
1.6753
0.6212
2.7968
2.0830
1.4491
1.1941
3.1579
1.2389
2.1934
0.8771
0.8672
0.8998
1.2173
0.8923
2.3813
0.9010
2.5436
0.8320
1.6785
0.0049
2.2728
-0.0531
1.3523
0.3054
1.0343
-0.3605
0.9637
-1.1375
1.7257
0.0947
1.0474
-1.1304
0.7675
-0.6712
0.0938
-1.0942
-0.0770
-0.8842
0.5076
-0.1903
1.1416
1.4211
-0.7558
1.5512
-1.0533
0.8269
-0.8696
0.9242
-1.5318
1.3566
-2.8597
1.6651
-0.4766
0.1831
-0.8380
0.8731
0.3023
0.3860
-0.1952
-0.8911
0.1418
-1.5370
1.4834
-0.6106
0.3094
-2.0099
0.5742
-2.6209
0.3566
-2.8321
1.3100
-3.7118
0.1866
-1.5715
-0.5674
-1.7697
-0.3816
-2.0955
0.8909
-1.1772
-0.1259
-1.4191
-1.1472
-1.1802
-1.4026
-0.7759
-0.7752
-0.7306
-0.2257
-0.2568
-0.6582
-1.2850
0.3234
0.4391
-0.2912
-0.0430
-0.6465
0.4850
-0.3918
1.0550
0.3842
0.3726
-0.0297
0.6741
-0.4746
1.2705
0.3495
-0.6314
0.1776
0.3386
0.1157
-1.3505
-0.5075
-0.8531
-1.1201
-0.5060
-0.7583
-1.0252
-1.0395
0.0601
0.0713
0.4861
-2.1024
0.0454
-1.6067
-0.0018
-0.3010
-0.8996
-1.2777
-0.1786
-1.0117
0.3711
0.2436
-1.0952
-0.1741
-1.1259
-1.3351
-0.6320
-0.9887
-0.4397
-1.1903
-1.6425
-1.2100
-0.2445
-0.8387
-1.5151
0.2929
-1.1658
-0.1947
-0.6220
0.4218
-0.6686
-0.9749
-0.7217
-1.9778
-1.1957
-2.0289
-1.0888
-0.5865
-1.0393
-0.8263
-2.2921
-0.7689
-1.4710
-1.1097
-2.6596
-1.6197
-3.1002
-2.4186
-1.2866
-1.1898
-2.2672
-1.8496
-0.7758
-1.3961
-1.4540
-2.5596
-1.8590
-1.6033
-2.3787
-2.3046
-2.3495
-2.5869
-0.8488
-1.4946
-1.0531
-3.1491
-1.9971
-1.9203
-1.2012
-2.8363
-1.3552
-2.0546
-2.5886
-1.6608
-3.3473
-1.3123
-3.3769
-1.0004
-2.7925
-0.6043
-3.4817
-2.2640
-3.1410
-2.1328
-4.2665
-2.4272
-3.6581
-1.7714
-2.8777
-1.9039
-3.2750
-2.1544
-3.7235
-2.2631
-4.0544
-3.3186
-2.1742
-2.8194
-1.5878
-2.2237
-1.4628
-1.9302
-1.6835
-1.4614
-1.8305
-1.4103
-2.4884
-1.5349
-0.9713
-2.8006
-1.7287
-2.6191
0.3096
-2.2751
-0.0377
-2.4321
-0.8968
-1.9545
0.1858
-0.4396
1.7238
-0.2557
0.8025
-0.4343
0.1939
0.6410
1.5316
1.8828
0.6221
0.9937
-0.8962
2.5816
-0.4994
1.6448
-1.1795
1.3872
-0.6586
3.0287
1.2382
2.6456
0.2554
1.8479
0.4666
1.7304
2.3407
2.1019
1.7597
2.0386
2.3610
2.6378
2.0821
2.6637
2.3345
3.2427
4.0226
4.2228
3.0853
3.7192
4.3085
3.6491
4.3807
4.3134
4.1973
3.8954
4.1340
4.8397
2.3736
3.5999
2.6001
4.0043
2.4374
3.1450
2.1457
2.1537
2.8343
3.5369
1.9788
3.8001
1.7570
2.5463
1.8585
3.6372
2.6394
3.3225
3.2537
2.8877
1.8403
3.5831
3.8389
2.6901
2.9502
2.7765
4.6350
3.1837
4.8306
3.5900
5.0197
4.3039
4.4010
3.7836
3.4659
4.0887
3.3778
2.4835
3.2222
3.3641
4.3413
3.6394
4.4705
3.9961
3.6193
3.2922
4.1424
3.1969
2.5361
2.1675
2.6371
2.3098
2.9828
2.0723
2.9168
1.4528
3.8569
2.5466
3.6086
1.5734
3.8791
0.9016
3.3929
1.0060
3.5344
1.7304
1.9665
2.4239
1.8944
1.7268
1.2290
1.9059
-0.0454
1.3770
0.5680
0.2978
0.2170
0.9392
-0.1775
1.7935
-0.1872
1.8977
-1.1046
1.7441
-0.5451
0.4846
-0.7463
1.0197
-1.0146
0.5927
-0.0830
0.4681
-0.2638
0.6861
0.8629
1.9686
0.7151
1.3609
0.2584
1.7747
0.9304
1.4638
1.2142
1.9175
0.9088
0.0376
1.3752
0.7364
-0.3608
-0.3154
-0.6146
0.4873
0.1181
-0.4442
-0.4220
-0.0940
0.6319
-0.1424
-0.3489
-1.7297
-0.3573
-1.8203
0.0645
0.3380
-1.1046
0.0234
-1.0274
-0.1173
-1.4175
-1.8633
-1.9396
-2.2628
-2.4120
-2.1402
-2.4810
-1.9392
-2.0228
-0.8112
-1.4735
-2.4938
-2.7620
-1.0378
-2.7112
-1.5181
-1.6595
-2.0758
-1.3583
-1.4141
-1.6144
-1.0966
-2.6004
-0.7665
-2.8853
-1.6626
-2.6796
-1.8164
-1.5530
-2.6385
-2.5033
-2.3374
-1.2487
-2.1315
-2.5768
-1.0575
-2.8212
-0.7006
-1.4275
-1.6648
-1.6608
-1.3950
-0.4669
-1.6796
-1.5281
-0.3358
-0.1705
-2.2912
-1.7242
-1.4515
-1.5278
0.2157
-2.1293
-0.6031
-1.9942
0.5157
-1.1204
-0.2011
-2.3382
-0.0725
-3.8073
-0.1710
-2.5895
-1.1540
-2.7145
-1.9586
-3.0463
-2.3182
-3.0400
-3.0070
-3.3422
-2.1508
-2.1493
-0.6539
-2.2478
-1.9600
-3.4185
-2.5434
-2.7559
-3.1807
-3.5083
-3.4947
-4.3358
-1.3225
-3.3300
-0.6043
-4.4054
-0.8433
-3.2061
-0.9845
-2.6982
-2.5755
-3.1538
-3.3862
-4.0234
-4.2672
-2.6106
-3.3899
-3.9228
-2.4482
-4.1170
-2.1271
-2.8571
-3.0803
-2.5209
-1.7671
-3.0957
-1.5113
-2.9901
-1.7086
-2.7140
-1.8599
-4.5478
-2.6938
-4.9874
-2.5654
-5.4291
-0.8231
-4.9459
-1.4927
-3.8937
-1.1610
-3.3476
-1.8106
-2.5999
-2.4337
-2.7771
-0.8286
-2.4516
-1.0814
-2.5359
-1.8459
-3.1400
-1.5143
-2.0118
-1.3440
-2.7827
-0.9735
-3.2208
-2.5757
-2.5370
-2.2780
-3.6190
-1.9814
-3.0262
-1.1656
-2.2490
-0.3439
-1.5732
-0.7123
-2.4449
-1.3195
-1.8877
-1.9890
-1.1969
-2.1933
-1.2390
-2.8549
-3.0534
-2.4540
-0.3773
-3.1202
-1.1403
-1.4318
0.1161
-1.6352
-0.9058
-0.4609
-1.7053
-0.9851
-2.4184
-1.1136
-2.6405
-1.5120
-2.4866
-0.8962
-2.6010
-1.0345
-3.8767
-0.4563
-2.8839
-0.4989
-3.9109
-2.0781
-4.3726
-1.0809
-2.6182
-0.2719
-3.6724
-0.3085
-2.7414
0.5371
-3.6186
-1.1264
-3.1175
-1.6755
-3.1083
-1.8354
-2.8594
-1.9473
-2.3469
-0.5483
-2.2745
-1.6526
-1.8792
-1.6628
-2.0099
-0.3980
-3.3694
-1.0876
-3.0298
-1.7077
-0.7664
-0.9693
-2.2399
-1.1716
-1.6302
-1.1518
-1.5903
-1.3710
-1.9089
-0.8037
-0.9238
-0.6022
-1.5789
-1.7537
-1.6881
-1.4432
-2.7618
-0.5839
-3.0602
-1.1398
-1.4519
0.0703
-1.2450
-1.6422
-2.2809
-0.9138
-1.2258
-1.9464
-1.6192
-1.7883
-0.9961
-1.3333
-1.8355
-0.8517
-0.2177
-2.3497
-0.4792
-2.1550
-0.5583
-2.3783
-0.3711
-2.3765
-0.5818
-0.9126
-2.5970
-1.8605
-2.6299
-2.1008
-2.1247
-1.2268
-2.8799
-0.6750
-3.8188
-1.1518
-2.9000
-1.3423
-2.8328
-0.2478
-3.4226
-0.2378
-1.8585
-2.2353
-2.3729
-1.6645
-2.3062
-0.7619
-3.3028
0.4121
-2.2646
0.5086
-2.4821
0.0901
-2.8445
-0.3459
-1.5557
-1.2467
-2.0525
-1.9778
-2.5854
-1.6832
-2.1907
-1.9637
-1.8801
-0.7614
-0.4083
0.3494
-1.0062
-0.5260
-1.7103
1.3917
0.1515
-0.2404
-1.5216
-0.8282
-0.7329
0.5974
-0.0870
0.6367
-1.5505
-0.7949
-0.1166
0.3910
0.6129
-0.0382
0.7326
-0.1058
0.1657
-0.2804
1.1615
-0.2905
0.2776
0.7253
0.9296
0.5272
2.7073
-0.5941
2.7705
0.0236
1.4835
0.4992
0.2414
0.9389
0.7983
1.0086
-0.2190
-0.0289
0.2262
0.5418
0.1391
1.1019
-0.2162
0.6364
1.5084
1.1956
1.2315
1.0543
1.4733
0.9688
1.4446
2.4271
1.1190
2.6788
0.5265
0.6730
0.9756
0.6062
1.3422
2.4175
1.3308
1.7407
2.3715
-0.0591
2.2756
0.0541
1.0779
-0.0729
0.8403
1.0575
2.0428
0.6931
1.5334
-0.2967
0.2489
0.1558
0.4216
-0.4939
1.1984
-0.9620
0.2997
0.7232
1.8461
-0.4141
0.9737
0.0452
1.0953
1.1297
2.8262
1.9759
1.8183
0.7280
1.5159
1.4919
2.0814
2.1560
0.8563
1.8572
1.9882
1.4483
1.2971
0.6526
1.2948
0.8129
1.7810
0.3833
2.2524
0.6038
2.6828
1.1355
2.1219
0.6821
1.9529
-0.1547
2.6446
0.1787
0.7414
0.4879
0.1861
-0.2290
1.6484
0.5725
0.2597
1.3357
0.6827
1.3676
0.1062
2.2302
-2.1161
1.9733
0.1321
1.2737
-0.9227
-0.0294
-0.9799
0.6287
-0.5544
1.1557
-0.6630
0.6890
0.2199
1.9750
0.0914
1.5220
-0.6534
2.7954
0.8105
1.9170
0.9658
3.5626
1.4320
2.4146
1.7240
1.0144
2.9707
0.0896
1.6512
0.5020
2.8615
0.1591
2.2771
1.9616
3.3664
1.2952
2.3868
2.8095
1.3621
0.7470
2.7474
1.6421
2.5387
1.8678
2.8015
1.1040
4.2092
0.8741
3.0117
2.6340
4.0962
1.5554
2.9793
1.9009
2.6133
3.7331
2.1067
3.1065
2.8664
3.2476
2.8148
1.7751
4.1798
1.5851
3.6431
2.4692
3.7263
2.4696
2.6746
1.4644
2.0595
1.3890
2.5450
2.4064
2.1150
2.3305
1.9338
1.9259
2.8662
2.0373
0.9123
3.3911
2.4013
1.2487
2.7276
2.4436
2.2005
2.7177
1.0007
2.0995
2.5251
2.4258
2.7460
2.4937
1.7795
1.0579
2.1223
1.4524
0.9798
1.6140
2.1168
1.9779
1.7420
1.5557
1.7911
0.8876
1.5606
2.3166
2.5859
2.5076
2.1654
1.8859
0.8081
1.8183
1.3404
2.7022
0.2554
1.7146
1.1097
1.7485
1.1513
2.8675
1.8330
1.9370
2.9286
2.6396
2.7032
1.1122
1.7676
2.2062
3.2197
1.6256
3.0500
2.4703
2.1102
1.3515
1.7764
1.6572
2.2170
1.7436
2.8747
2.5550
2.1905
1.4101
2.1968
0.7492
2.5054
2.6046
2.0745
2.6058
1.1128
2.8646
0.8085
1.9989
0.3747
2.1694
0.6284
1.3343
1.7063
1.0674
2.2844
0.4318
2.4047
1.8918
3.0505
1.1094
2.5611
0.5497
1.6538
1.7480
3.2991
1.0867
2.7592
2.2237
3.0533
1.3574
2.3138
1.9132
2.5273
1.8358
1.1762
0.7376
1.1709
0.3124
1.4682
-0.1076
0.9981
-0.6426
2.5152
0.8647
1.2665
0.3680
0.9932
0.2222
0.9790
0.4804
1.0901
1.6968
0.8470
1.6509
1.7345
0.9967
-0.0083
0.8331
0.8238
-0.1436
1.9527
-0.2259
2.2640
0.7799
1.2904
0.3611
1.8608
0.6105
0.4297
1.5901
1.3928
0.7629
1.8438
1.5193
1.6847
0.5511
1.8920
2.1598
0.9746
2.3039
2.0237
2.2589
1.8989
0.6924
1.1407
0.8795
2.1656
1.0410
2.7895
0.3128
3.6142
2.0779
3.5209
1.3486
4.1690
1.2999
3.5703
2.1979
2.9458
1.4287
2.3669
1.9363
4.0819
2.5641
2.7808
2.4939
4.5692
1.7662
3.3102
2.0933
3.1635
2.6298
3.2861
2.4995
2.7399
0.9722
2.6594
0.3684
1.8793
0.9351
0.9342
0.8972
1.7694
1.3376
1.4961
-0.0301
1.5838
0.8008
2.1539
0.2091
1.2639
1.1082
1.1909
1.5638
0.9271
2.0158
2.4550
2.0297
2.5001
2.4993
3.1838
1.0233
2.7812
0.9826
1.0285
1.1423
1.9855
2.5183
1.7435
2.6807
2.3690
3.4759
2.9059
2.4551
1.8784
1.9839
2.6579
1.2929
2.2077
2.6903
3.0622
1.1984
2.0005
1.0653
2.7302
2.2799
2.3999
1.1312
2.4077
2.3396
2.7902
1.4409
4.5070
1.5156
4.2297
2.3246
3.0118
1.6932
4.4409
1.4890
2.9641
2.5629
3.6717
1.6510
3.0022
2.7043
2.8294
2.3524
2.6658
1.4899
2.1537
1.9533
2.1005
2.1394
2.5650
1.5179
2.3453
1.8663
3.6090
2.5131
2.2948
1.3267
1.9767
1.6310
2.8366
2.9201
2.0910
3.1336
2.7019
3.2267
1.8365
1.2006
1.8292
1.3450
3.0929
0.7953
3.0228
1.9528
3.5525
3.2780
3.8724
2.6721
4.1695
2.5667
3.1412
2.6890
3.3101
4.0902
5.0037
4.1208
4.1520
3.0003
3.4083
3.1595
3.6824
4.0430
4.1490
4.1773
4.7204
3.9537
4.2227
4.1641
5.9473
3.4406
4.6410
3.9558
4.6419
4.3555
5.2137
3.1030
3.9730
2.7006
5.5009
3.8203
5.0456
3.5932
4.7980
3.3390
5.9987
3.7620
6.9750
3.4413
6.5335
3.5345
5.5600
2.7081
7.1503
4.3275
7.2328
3.2390
6.0702
2.9182
5.3857
3.5310
6.1888
2.3980
5.3676
2.7612
4.8912
1.6151
5.7613
2.5389
6.0877
2.3529
5.1624
2.9082
4.0145
1.7305
4.6074
2.3417
2.7154
1.7580
2.5704
2.1021
2.8872
1.8747
1.9995
1.7429
2.6432
3.1017
2.0982
1.3624
1.4325
1.1957
0.8046
0.9171
1.4529
0.8193
0.3657
1.1946
-0.1255
1.3652
0.3972
0.0058
-0.4452
0.2093
1.0039
-0.5849
0.0466
0.6192
1.5644
-0.2781
0.9960
0.7150
1.2540
-0.3278
0.9325
0.2807
1.8242
-0.2475
0.5042
-0.2570
2.4844
0.2924
0.9970
0.4031
1.7527
0.8923
0.6058
0.2056
-0.0435
-0.5805
-0.8028
0.4792
-0.6284
0.8858
0.4814
2.3688
0.7176
1.1101
-0.8771
1.7829
0.9464
0.3674
0.6862
-0.0853
0.6691
-0.3430
-0.3673
0.6305
1.1928
-0.0440
0.2956
-0.1163
0.1814
-0.0498
0.3781
-0.6044
0.2837
0.2517
0.2930
-0.3999
-0.3078
-0.2447
-0.3772
-0.9296
-0.9669
0.5203
0.1982
1.1269
0.6276
1.4798
-0.7072
0.6746
-0.9228
0.6591
-2.3162
0.1252
-1.1711
-0.6273
-1.7031
-0.7235
-1.1744
-1.3950
-0.4310
0.2711
-0.6493
-0.6824
-1.1090
-1.1600
-0.5656
0.0931
-1.5152
-0.9440
-1.6391
-0.0587
-1.6166
1.0754
-2.5333
0.6371
-2.8496
-0.8900
-2.2163
-0.0887
-2.8465
1.5817
-1.7257
0.5131
-1.8718
1.7453
-1.5555
1.9572
-2.1112
2.1964
-0.3377
1.8969
-1.1244
1.2528
-0.1741
-0.7996
-0.6178
-0.3703
-0.6490
0.9103
-1.3855
1.1205
-1.7463
0.7143
-1.5005
-0.5123
-0.6321
-0.1043
-0.3108
1.2459
0.7306
1.2095
-0.1544
0.7967
0.3492
0.9846
-1.1069
-0.7942
-1.1133
-1.4952
-1.6186
-1.1555
-1.4069
-0.8917
-0.5580
0.2366
-0.0707
-0.6863
0.5460
0.0517
0.9073
0.8902
0.7680
1.0118
1.2112
-1.1328
-0.9683
0.4467
-0.1216
-0.2059
-2.2082
-0.6755
-0.0863
-0.2066
0.1533
-0.4828
-1.1253
-1.4184
-0.4688
-0.8186
-1.2954
0.2476
-0.5212
0.3046
-0.4423
-0.6683
-0.8696
-1.0863
0.4818
-1.2051
0.1743
-0.9811
-0.7230
-1.2249
-0.3861
0.0041
0.4245
0.1836
-0.4727
0.4606
-1.5961
-0.1234
-1.6795
-1.2092
-0.4194
-1.2997
-0.4129
-1.9315
-0.9865
-1.7297
0.0892
-1.2511
-0.9855
-0.3640
-0.4247
-1.6769
0.1797
-0.2960
0.0855
0.0776
0.6863
-0.9581
0.8590
-0.8406
1.1358
0.0883
0.4890
0.5797
0.5967
-0.5018
0.2148
0.9886
1.2540
0.0925
1.1061
1.0119
0.7231
0.9835
-0.6507
1.7415
-0.1570
1.7458
-1.4245
0.7864
-1.5693
0.6203
-0.7521
1.0898
0.2785
1.0842
1.0766
1.6077
1.5149
0.1139
0.0634
1.6107
1.5868
0.8679
0.7582
1.2071
0.4672
2.3438
1.0983
2.9526
0.5386
2.6417
1.9313
3.1270
2.1826
1.7044
2.0148
1.0309
0.7610
0.1763
1.4058
0.6862
0.3712
0.8318
0.2316
1.0455
1.4229
-0.2259
0.9023
0.5827
1.1481
0.6289
-0.9297
0.9878
0.1076
0.0311
-0.8585
-0.3346
-1.3464
-0.6505
-1.2188
-1.1331
-1.5026
-1.9655
-0.7265
-0.3778
-1.8478
-1.5446
-2.4415
-1.7727
-2.7254
-1.8209
-2.4860
-1.2349
-4.0370
-0.7926
-3.7897
-0.4394
-4.2246
-2.0128
-3.8868
-1.2710
-3.8842
-2.2780
-4.2698
-1.3740
-5.0401
-0.6407
-5.4081
0.2417
-3.6779
0.0597
-2.6952
-0.0651
-4.5202
-0.7373
-4.1530
-1.9553
-2.7429
-2.0568
-3.8158
-1.4612
-3.6228
-1.2039
-3.4041
-1.1347
-4.5449
-2.3228
-5.2686
-3.8320
-5.4743
-2.9490
-5.1094
-3.1006
-5.4239
-2.5088
-6.7271
-2.8641
-6.4251
-3.2350
-5.2438
-3.1293
-5.7504
-2.5799
-5.0377
-3.6526
-5.1894
-2.7263
-6.7620
-5.1715
-5.6545
-3.7373
-5.1441
-4.0393
-3.7718
-4.9727
-5.3174
-4.3992
-4.8615
-4.1738
-5.3720
-4.0397
-4.7546
-4.5562
-2.8663
-3.5649
-3.5793
-2.9702
-1.8023
-2.9561
-2.7906
-4.0244
-1.8881
-2.0238
-2.3418
-2.0822
-1.3709
-2.8395
-1.0836
-1.4602
-1.5214
-0.7713
-1.6779
-2.3204
-1.6051
-2.7679
-1.8600
-1.7638
-2.3355
-2.2602
-1.8830
-2.1936
-1.3466
-0.9864
-2.2249
0.2298
-1.1093
-0.6977
0.2637
-0.4385
0.8014
0.1853
-0.1663
-0.0822
-0.0260
1.0971
0.1921
1.6078
0.9755
1.9537
0.3383
1.3367
1.3557
0.4606
2.9314
-0.1341
2.5916
0.7114
2.2697
0.6906
2.8931
0.1850
3.7222
0.5648
4.0967
1.2290
2.5761
-0.0194
3.0777
0.5213
2.6801
-0.1778
1.7474
1.0652
3.1372
-0.3977
2.3403
-0.6576
2.1260
0.7227
1.7350
-1.1993
0.9322
-0.3116
0.9128
-1.3041
1.0739
-1.4812
-0.1449
-0.0434
0.9609
-1.0760
0.8272
-0.2508
1.0752
0.7116
0.0704
0.3910
1.2849
-0.3814
1.1307
-0.1224
1.0200
-1.9254
-0.0703
-2.1010
-0.7446
-0.6544
-1.2087
0.2078
-1.4936
0.4969
-0.4079
-0.5484
-0.2466
1.5728
0.4044
1.4027
0.8176
0.6656
-0.4960
1.0181
0.3092
2.1096
-1.5371
1.0213
-1.3566
0.3560
-0.8260
-0.1069
-0.8621
-0.6547
1.0089
-0.5670
1.3665
-1.7230
1.3050
-1.9574
0.2261
-1.3793
-0.4765
0.4733
0.7052
0.1452
1.5003
-0.1410
0.3143
0.4245
0.6051
0.1169
0.6811
0.1742
-0.6106
1.6970
0.3902
0.8547
0.5303
1.6294
0.4569
1.8565
1.0692
1.2738
1.0983
1.3914
1.8506
1.8141
1.4214
1.8610
0.1204
1.3320
0.2798
1.8472
-0.7388
-0.5167
-0.9602
-0.5484
-0.9459
-1.1689
-0.4661
-1.3368
0.1754
0.6920
0.9113
-0.2481
0.6732
-0.4803
-0.1610
0.4270
0.7169
0.9079
-0.5350
2.3956
0.3885
1.2702
0.4913
1.8849
1.4067
1.7712
1.2814
0.8531
1.7192
0.8371
1.2573
0.4704
1.2669
0.9879
0.3350
2.3666
-0.0655
1.1224
1.1878
0.4159
-0.2501
0.4095
1.3198
0.0368
0.5068
1.1585
2.0514
-0.2228
1.4020
0.5526
0.5487
2.7913
0.8247
1.9530
-0.3913
0.7345
0.0334
-0.1713
1.5329
0.6188
1.0793
1.2867
2.2188
1.5224
0.7409
0.3578
1.3328
0.9290
0.7637
0.8336
0.4764
1.2055
0.9637
1.4902
0.9255
0.6589
1.0581
0.5452
1.3503
0.4303
-0.7663
-0.6080
-1.1005
-0.4671
-0.4926
0.9263
-0.8526
0.9703
0.0373
-0.0881
0.5862
-0.4352
1.4734
-0.0322
0.7198
-0.0477
2.1389
0.0065
0.6858
1.2248
1.6817
-0.0850
1.3522
1.1186
1.0229
0.0249
2.0660
0.7008
1.4578
0.6714
2.9943
1.5203
1.6360
1.0280
1.3321
1.3421
1.4154
1.5164
1.2774
1.5567
2.8187
1.8512
3.6241
0.9306
3.3388
0.8298
2.5907
1.3897
3.5812
1.8827
3.1358
2.2553
2.1098
2.6480
3.6493
1.9500
2.0789
1.8128
3.2864
1.2851
2.6222
2.8238
3.1931
2.2808
3.0804
3.2407
1.8166
1.4834
1.3352
2.5683
0.6493
1.9336
1.3957
2.7713
1.0956
1.8524
-0.0255
2.8961
1.5093
0.8985
0.8497
1.9760
1.8720
3.6377
3.1500
3.4021
2.1040
1.6343
3.5336
2.4090
3.3000
0.1872
2.9024
0.3148
1.7166
0.4723
1.7387
1.4078
1.9687
1.3942
1.4901
1.6248
1.0158
2.4750
1.2357
1.8622
2.6844
1.2239
3.1258
0.7777
2.0678
1.2738
3.3641
0.3724
1.2719
3.0267
0.9873
3.0584
2.6346
1.3450
1.8398
1.0929
3.1340
0.9582
3.8684
0.2760
3.8761
0.2547
3.9832
0.9199
3.2566
1.3805
4.7759
-0.1404
4.7358
1.2428
3.2579
0.2879
3.2232
1.8612
0.8499
1.8355
0.0103
0.3310
0.3114
0.5853
-0.7119
1.0960
-0.0159
-0.5842
0.6870
1.2398
-0.1116
-0.2241
