-0.0553
0.0786
-0.6587
-0.3754
-0.0134
0.3081
-0.4918
-0.7911
0.4049
-0.7868
0.2481
-0.7750
0.3313
-0.1478
0.3860
-0.3203
-0.3073
-1.0202
-0.0295
-0.5128
-0.1930
-0.9721
-0.1112
0.8024
0.0671
-0.8467
-0.7709
-0.7164
-0.4990
-1.0564
0.7844
-0.4503
0.5092
-1.4746
0.1564
0.1788
-0.5507
-1.5840
-0.6184
-0.5226
0.4152
-0.9718
0.1130
-0.4734
-0.1514
-0.8277
0.4126
-1.0559
0.1995
-1.1524
0.2605
-0.9025
0.1562
-1.6246
-0.1970
-1.1478
0.4333
-1.1662
-0.4575
-1.8946
0.7110
-0.7041
0.4401
-0.8488
0.3373
0.1734
0.8413
-1.2049
-0.2427
-0.3172
-0.1757
-0.4619
0.0002
-0.7382
0.9674
-0.3813
0.6676
-1.1656
-0.1986
-0.4651
0.2313
-0.0943
0.6980
0.4360
0.9577
-0.4074
0.0744
-0.1530
-0.0544
-0.1347
0.5423
-0.4480
-0.0002
-0.4797
0.3427
-0.0060
0.7141
-0.9757
0.1959
0.3512
0.1143
0.2548
0.4201
0.2362
-0.1266
0.8745
0.2155
-0.1818
-0.2061
1.2041
-0.1040
1.2206
-0.1033
1.7162
-0.1156
0.9356
-1.1100
0.1623
-0.3021
-0.0704
0.4026
1.3216
-0.5503
0.8015
0.2555
-0.0934
-0.2006
0.1045
-0.1690
-0.7595
0.1338
0.2283
0.0377
-0.0080
-0.3306
0.5409
0.1196
1.0567
-0.3257
-0.0441
0.3924
0.3488
0.3981
-0.1001
0.1670
-0.2818
0.3653
-0.3877
-0.3500
0.0502
-0.0377
-0.3574
1.1747
-0.1237
0.4962
0.0299
-0.3940
-0.0141
-0.0215
-0.1964
0.3707
0.0889
0.0366
0.5229
-0.3641
-0.4900
0.0670
0.1568
-0.6544
-0.0174
-0.8279
-0.1606
0.1481
0.3883
0.3427
-1.6246
0.1861
-0.9286
0.3238
-1.3035
-0.1365
-0.8700
-0.4693
-0.3148
0.6307
-0.6467
0.7214
-1.0858
0.4539
-0.6599
0.9669
-0.6770
-0.6673
-0.5991
-0.3791
-0.3582
-0.7376
-0.8560
-0.3085
-0.8667
-0.3288
-0.2963
-0.1595
-1.0595
0.0588
-0.2865
0.3246
0.2717
0.0785
0.0702
-0.7909
-0.0960
-0.3503
-0.8782
0.2821
0.5209
-0.1344
-0.5193
0.7015
-1.2075
0.6207
-0.8330
-0.0980
-1.2244
1.1366
-1.1855
0.2967
-0.6005
-0.7804
0.2551
0.7864
-1.1540
0.1223
-0.6147
0.9750
-0.3336
0.6385
-0.9446
0.1896
0.3833
0.0771
1.1360
-1.2617
0.1562
0.0911
-0.2050
-0.5585
-1.4705
0.4242
-0.8389
-0.5597
-0.0619
0.4179
-1.1647
-0.1626
0.5682
-0.2214
-0.2940
0.2110
0.4692
0.2202
-0.0409
-0.0683
0.4927
-0.4803
0.4013
-0.2411
-0.1942
-0.0539
-0.2585
-0.9243
-0.0019
-0.9044
0.0033
-0.1969
0.9948
-0.4555
0.4276
0.4818
0.1240
0.0364
0.2954
-0.1160
0.1987
0.1679
-0.6370
0.8573
0.0780
0.5164
-1.0294
0.1892
-0.2476
0.1157
-0.5818
-0.2873
0.2199
0.2535
-0.2952
0.0152
-0.5416
0.1193
0.2959
0.3020
-0.5454
-0.5168
-0.3844
0.4666
-0.8200
0.1936
-0.0905
-0.2530
-0.8817
0.2533
-0.5420
-0.2044
-0.7530
-0.0465
0.9364
-0.7370
-0.3018
0.5104
-0.8222
-0.5346
-0.2876
0.6572
0.8304
-0.7679
-0.5965
-0.2968
-0.4304
0.8049
-0.2178
-0.5550
-0.1454
0.0400
0.3981
-0.2318
-0.6214
-1.0869
0.1460
0.2390
-0.9556
0.8015
-0.8743
-0.2173
-0.8374
0.1817
-1.6622
-0.5032
-1.1151
0.1795
-1.0795
0.7715
-0.1948
0.2186
-0.7543
-0.4335
-1.5445
0.2437
-1.7344
0.1798
-0.6959
-0.6015
-0.2578
-0.0813
-1.2584
0.1989
0.1786
-0.0160
-1.0527
0.0904
-0.4202
-0.0818
-0.4599
0.0491
-0.6535
-0.0789
0.3204
-0.2770
0.4452
0.1773
0.2700
0.6452
-0.2292
-0.0304
-0.6320
0.3732
0.4317
-0.1430
-0.6059
-0.0454
0.0225
-1.4781
1.3536
-0.4452
0.8864
-0.7283
0.9791
-0.0786
0.4756
-0.4438
0.0122
0.1026
0.2739
-0.2812
1.3705
-0.3542
0.4965
-0.3104
-0.1664
0.8541
-0.2421
-0.6596
-0.0143
-0.2279
0.1079
-0.2520
1.1279
-1.1031
0.2305
-0.6713
0.5238
-0.2201
0.8668
0.2649
0.1122
0.0113
0.1457
-0.4721
-0.1584
0.9298
-0.0112
0.6097
-0.6409
-0.4882
-0.2101
0.5573
-0.3742
-0.4845
0.2380
0.1524
0.6668
-0.2040
-0.0055
-0.4299
0.4958
-0.0157
-0.1600
-0.3804
0.4105
-0.1316
-0.0158
0.7143
-0.3816
-0.8745
-0.6639
0.2803
-0.2495
0.1234
-0.3690
0.9453
-0.5883
-0.4597
-1.0037
0.1167
-0.3143
0.1610
1.1748
-0.3590
-0.6991
-0.0921
-0.0928
0.0808
-0.1532
-0.0390
-1.0937
0.3075
0.9549
0.8065
0.3093
0.7409
0.2762
-0.6444
0.8020
-0.8328
0.2273
1.1331
-0.2673
0.3561
-0.6396
0.1844
0.0483
0.1477
-0.9242
0.6231
-0.8601
0.6138
-0.0310
0.4821
-0.0045
0.3925
-0.1274
-0.0369
0.1630
0.4930
-0.0070
-0.4183
-0.2270
-0.8113
0.7513
0.6930
-0.4701
-0.1821
-0.3385
-0.2357
0.5774
-0.6914
-0.1324
-0.6360
-0.7920
-0.1893
-0.0147
0.6219
0.0100
0.2058
0.1605
0.6890
-0.0252
-0.4160
-0.4571
0.3734
0.0983
0.7648
-0.5623
-0.9776
-0.4475
0.4934
-0.5334
-0.0138
0.0101
0.7585
-0.0181
-0.4618
0.7077
-0.3629
0.6774
0.0010
0.2194
0.2197
1.4394
-0.0732
-0.1467
0.3094
0.4468
-0.0053
0.3576
-0.2988
0.1115
0.8743
0.3751
-0.5752
1.4291
0.1124
-0.1154
0.0279
0.9693
-0.6442
0.3953
0.5157
0.4289
-0.2413
0.1793
0.4380
0.5379
0.7433
0.0801
0.1317
0.0645
-0.3783
-0.1355
0.4836
0.5627
-0.3383
0.1259
-0.4763
-0.4570
0.0346
0.0732
0.1126
-0.1593
-0.3657
0.0000
-0.1929
-0.1006
-0.0613
0.7520
-0.7989
-0.6542
-0.7696
-0.3323
0.4139
-0.1272
0.7307
-0.6168
-0.0795
0.1157
0.0720
-0.1630
0.4164
-0.2366
0.2577
-0.0733
0.3557
-1.3538
-0.1133
-0.6216
-1.2094
-0.8642
0.2170
-0.1077
0.5534
-0.3653
-0.6478
-1.1301
0.7310
-0.8196
0.1034
0.7770
1.1797
-0.0980
-0.5687
-0.6562
0.6968
-0.1504
0.1034
-0.7250
0.0067
-0.9132
0.1634
-0.4309
-0.2147
-0.2813
-0.3491
-0.3921
0.2865
-0.5919
0.4793
-0.6201
0.5822
-1.1783
-0.0215
-0.0665
-0.2576
-0.3230
0.3218
-0.7703
-0.4124
-0.5844
-0.4908
-0.3876
0.3952
-0.1401
0.4072
-0.3950
0.4799
-0.4976
-0.7036
-0.3268
-0.2046
-0.1999
0.8797
-0.5308
-0.0763
0.6498
0.0745
-0.3603
-0.0203
-1.2828
0.1401
-1.7229
0.5625
-0.8841
0.5509
-1.9059
0.5482
-1.3075
-0.1686
-1.1334
0.8383
-0.7977
0.0557
-1.0397
-0.3200
0.0381
-0.7604
-0.5487
0.2178
-1.5152
0.4317
0.2099
0.0121
-0.6724
1.3393
-1.3725
0.1734
-1.0157
-0.5283
-0.6463
-0.0711
-0.5629
-0.3418
-0.7737
-0.4977
-0.1775
0.1420
-0.6008
0.1183
0.7064
-0.1738
0.4246
0.3129
-0.1784
0.4664
-0.4636
-0.4114
0.5642
0.0697
0.0912
0.4395
-0.3955
-0.5925
0.0940
0.5360
-0.5013
-0.1006
-1.1816
0.7328
-0.0825
0.6847
-0.0818
-0.0590
-0.4895
-0.1735
-0.1388
-0.3133
0.3030
0.6156
-0.4632
-0.2106
-1.6276
0.6875
-0.9445
0.0063
-1.3957
0.7875
-0.3559
0.0757
-0.7401
-0.0594
-1.0209
-0.3214
0.6591
-0.0580
-0.6219
0.2057
1.0930
-0.0432
0.0518
-0.4367
-0.4989
-0.1000
0.1941
0.4924
-0.1055
0.5931
0.0471
0.4731
-0.3834
-0.4658
0.0265
-0.1941
0.6293
-0.0790
-0.8613
0.8816
-0.6515
-0.0788
-1.0436
0.0380
-0.6538
0.0560
-0.4220
-0.0537
-0.2331
-0.4012
-0.5427
-0.3465
1.2301
-0.3643
0.6052
-0.7601
-1.0701
-0.2631
-1.3909
0.0402
-0.9480
0.2258
-0.6643
-0.2351
-0.0654
-0.3587
-0.3078
0.0979
-0.1722
-0.2312
-1.0008
-0.0915
-0.2780
0.0930
-0.5262
-0.0076
-0.5396
-0.2222
-1.3568
-0.4124
-0.1610
0.4975
-0.4935
0.8171
0.1154
-0.1764
-0.4612
-1.3842
-0.3668
-0.4987
-1.0034
0.4628
-0.8618
0.4746
-1.0971
-0.3269
-0.4889
0.3553
-1.2852
-0.2280
-0.5972
-0.0524
-0.7248
-0.8430
-1.6858
-0.2746
0.1104
0.5619
-0.1002
-0.0008
-0.4089
0.1833
-0.9897
-0.9053
-0.8586
0.0788
-0.3850
0.2234
-0.3466
-0.2972
-1.2343
-0.4022
-0.3959
-0.1327
-1.1034
0.5489
-0.0584
-0.2621
-0.6125
-0.0069
-0.7745
-1.1416
-0.0733
-0.3233
0.5704
0.4614
-0.4944
-0.4951
-0.1176
-0.4349
0.4227
-0.5085
-0.6170
-0.6616
0.0019
0.6387
0.6697
0.9413
-0.0338
-0.3964
-0.2403
-0.3142
0.1209
0.0055
-1.3269
0.5491
-0.9500
0.1683
-0.5798
-0.6905
-0.0140
-0.1626
0.5751
-0.0917
-0.2228
-0.1235
-0.1519
-0.1836
-0.2924
0.5266
0.7458
0.8386
-0.7105
-0.3930
-0.2296
-0.3217
-1.4167
-0.3278
-0.4878
0.3523
-0.9294
0.5708
0.2079
-0.1785
-0.2274
-0.0413
-0.4334
-0.4777
-0.1948
-1.2577
-0.1945
0.3391
-1.0723
-0.1956
0.8943
-0.9051
0.9558
0.2609
-0.0817
0.9427
-0.3706
0.5593
0.3656
0.9232
-0.6410
0.4558
-0.3815
0.4578
0.6867
-0.6723
0.1177
0.9028
1.2029
0.3295
0.4977
-0.4525
-0.0353
0.1643
-0.1589
0.5030
-0.4439
-0.5274
1.5697
-0.4012
0.6648
-0.5643
0.3925
0.5904
0.2099
-0.0427
1.2152
0.3421
0.4526
-0.5342
1.6049
0.3154
0.8640
-0.7500
0.4591
1.1963
1.6180
0.1422
1.0088
-0.0993
0.3981
-0.2829
-0.1945
0.0589
0.4248
0.7011
-0.0159
0.6327
-0.7305
0.5614
-0.1672
0.9690
-0.9398
0.6505
-0.4777
0.2971
-0.6735
-0.2339
0.0137
-0.4278
0.2733
-0.0384
-0.7498
-0.3512
-0.7720
-0.1728
0.4807
0.5769
-0.2393
-0.0585
0.6312
-1.4290
0.3625
-0.1891
0.0236
-0.4037
-0.5539
-0.3305
-0.4567
0.9231
-1.6759
-0.1036
-0.9141
0.1107
-0.4426
-0.2348
-0.6344
0.3782
0.0920
-0.2695
-0.2431
-0.1091
-0.9356
0.6279
0.0806
1.9504
-0.5015
-0.4070
-1.0300
0.6045
-0.8383
0.8490
-0.6066
0.8310
-1.0280
0.2820
-0.8305
0.6660
-0.6707
-0.1965
-1.5346
0.2791
0.4550
-0.8554
-0.5138
-0.4568
0.3689
-0.3731
-0.0484
0.0978
-0.1780
-0.5096
-0.2579
0.6504
-0.5118
-0.2345
0.2807
-0.9220
-0.5969
0.0679
1.3591
0.1622
1.3617
0.0206
-0.0164
0.3193
0.1088
-0.0457
0.7041
-0.3809
0.2775
-0.7252
1.0444
0.1314
0.5362
0.8890
-0.2542
-0.9733
-1.7914
-0.4120
-0.5315
0.3481
-0.5888
0.5309
0.1490
-0.3288
-0.1417
-0.0568
-0.2582
-0.3697
-0.4271
-0.4040
0.1151
-0.6412
1.4448
-0.9188
0.2372
-0.7992
0.4290
0.4454
0.0738
-0.3645
0.5025
-0.0295
0.0127
-0.5091
0.4811
0.0192
0.0782
0.2980
-0.3156
-0.3596
-0.4745
0.2291
0.0097
0.6560
-0.7771
0.8455
-0.7085
-0.1128
-0.5438
0.5406
-0.3779
-0.3554
0.5559
-0.6671
-0.8489
0.6723
-0.1335
-0.2118
-1.0748
-0.0817
-0.8397
-1.0034
0.3757
-0.1516
0.7484
-0.5868
-0.2272
0.1723
0.1706
-0.1555
-0.7372
-0.2871
-1.0163
0.3942
-0.4317
0.1846
0.1530
0.5020
-0.5478
0.2855
0.0754
0.1553
-0.3390
-0.2387
0.3961
-0.3109
-0.2124
0.2783
1.0949
0.3749
0.3574
0.4670
0.4712
0.2241
-0.4553
0.0755
-0.3569
-0.3912
-0.2301
-0.6631
-0.9801
0.5203
0.8579
-0.3102
-0.4133
0.1361
-0.1906
0.2268
0.4241
0.3204
0.0206
-0.2452
-0.3642
-0.1934
0.3633
0.3059
0.3191
0.5077
-0.3318
-0.1264
-1.1742
0.9660
-1.1421
0.9426
-1.2622
0.4938
-0.7066
0.5374
-1.1054
-0.5216
0.1734
-1.0365
0.4426
-0.4036
-0.5719
0.1112
-0.3255
-0.8352
-1.4718
-1.2743
-0.5077
0.2522
0.2791
-0.1230
-0.0790
-0.5984
0.2477
0.3337
-0.2905
-0.6709
-0.3238
-0.3059
-1.6303
1.4330
-1.1275
0.2293
-0.6602
-1.1627
-0.0257
0.1626
0.1681
-0.2688
0.3615
-0.2176
-1.2497
-0.6616
-0.1916
0.6347
-0.7259
0.6021
-1.5318
0.0727
-0.4345
0.4578
-0.7272
0.9516
-1.0806
0.2577
-0.7191
-0.1326
-0.2916
0.3827
-1.1532
0.0877
0.1713
-0.3812
-0.9065
-0.2010
0.3621
0.3384
0.6426
-0.7173
0.7203
-0.2863
0.3176
-0.1955
0.7749
0.0799
-0.5409
-0.0808
-0.9832
0.0460
-0.7585
0.3321
0.3629
0.0923
-1.0603
-0.6997
-0.4604
0.1514
-0.5936
-0.6067
-0.4798
0.3853
-0.7106
-0.0744
0.8722
0.8260
0.7576
-0.3977
0.4612
-0.1849
0.0948
0.4540
-0.7079
0.9861
-0.9545
0.1446
-0.1389
-0.3004
1.6140
-0.2757
0.5550
0.5160
-0.1884
0.2465
0.3330
0.7513
0.9771
1.1213
-0.0500
-0.0380
0.8373
-0.1751
0.8603
-0.0435
0.2114
-0.5248
1.1176
0.4795
0.8726
0.4548
0.3164
0.0352
-0.8251
-0.0137
0.0077
0.8022
-0.4767
-0.1765
-0.9251
-0.0769
-0.6432
0.3039
0.1094
-0.2550
1.0564
-0.1920
-0.0838
-0.7245
-0.1751
-0.0913
1.3392
-0.3520
0.3936
0.2335
0.2316
0.0702
-0.7629
-0.1397
0.0779
-0.6211
0.7021
-0.0428
-0.3143
0.4858
-1.0743
-0.0517
-0.1976
0.2188
0.8791
-0.0840
0.4542
0.4476
0.4800
-0.1507
0.4124
-0.2018
0.0320
0.2289
-0.2588
-1.0505
-0.0193
-0.0913
-0.0269
-0.1076
-0.2359
-0.4698
0.2559
-0.2013
-0.6315
0.4998
-0.9526
0.7744
-1.8614
0.4904
-0.1339
0.3217
0.6585
-0.5401
0.5852
0.0947
-0.6201
-0.9111
0.1839
-0.5972
0.0247
-0.0479
1.1621
-0.6821
1.5315
-0.2412
1.3151
0.1792
0.7942
-0.3538
0.6431
0.0382
0.2518
0.5449
0.6225
0.3973
0.6831
0.3525
0.6996
-0.3959
-0.0920
1.3197
0.3732
-0.4069
1.2821
0.0034
1.1132
0.5996
1.0354
-0.2916
0.3027
-0.1009
1.3543
-0.3368
1.0599
-0.1112
1.7081
0.6385
0.8855
0.3896
1.0261
0.1099
1.0412
-0.8438
0.7309
-0.3433
-0.1990
-0.3173
0.8113
0.0154
0.1117
-0.1046
1.0709
0.1501
1.5585
1.0200
-0.2387
-0.9693
0.7730
0.7063
0.4162
-0.0290
-0.2008
0.3765
0.2587
-0.1074
0.6654
0.1943
0.7863
-0.2424
0.8520
-0.3005
0.6144
-0.9818
0.7369
0.6191
0.2747
-0.1006
1.1959
-0.1720
0.9147
-0.7484
1.5675
-0.0709
0.9201
0.0253
0.1784
0.0853
1.2007
0.1372
-0.0049
-0.0457
1.2758
-0.4133
-0.8501
-0.6260
-0.0580
-0.0631
0.6463
1.1276
0.1548
-0.2205
0.2005
-0.3861
0.1569
-0.1462
1.3131
-0.5026
1.4865
-0.3828
0.9294
-0.1762
0.8268
0.0912
0.4592
0.0436
1.4028
0.2890
1.0545
-0.5954
0.7014
0.4803
1.2391
0.4493
1.3520
0.6354
0.3836
0.0407
1.2442
0.3485
0.3929
-0.0630
0.3924
-0.6321
1.2829
-0.0231
1.4070
-0.6991
1.9642
-0.0982
1.4585
-0.1668
0.4278
-0.4544
0.2872
-1.1753
1.2036
-0.3194
0.8416
-0.4606
1.0532
0.3681
1.4711
-0.8967
0.9814
0.9147
1.4068
-0.6599
0.8797
0.7153
0.4523
-0.2144
0.7407
0.0469
1.1247
0.6015
1.1288
-1.4994
1.1686
0.8687
0.1719
-0.1354
0.7425
0.0045
-0.0670
0.1079
0.7542
0.6106
0.4896
0.7173
0.1596
0.2248
0.0778
-0.2138
0.1924
-0.4578
-0.2766
-0.6339
0.0896
0.0813
0.3884
-0.1522
0.4377
0.4164
1.0977
0.1876
0.3906
0.6571
-0.6590
-0.2115
0.3918
0.5790
0.6918
-0.4259
-0.7230
-0.0765
-0.2623
0.8591
-1.0071
0.3435
-0.0864
0.2023
-0.1662
-0.2230
-0.0769
-0.0692
0.1371
-0.5783
-0.0932
0.1480
1.0531
0.4673
0.0745
-1.5227
1.2351
-0.7534
1.1065
0.0044
1.0605
-1.2307
1.6477
0.4288
1.3530
-0.0724
0.1667
-0.1831
-0.0997
-0.0643
0.2775
0.4689
-0.9495
-0.1201
-1.1923
0.2918
1.0118
-0.3895
0.6590
0.1041
1.1273
0.7787
0.0641
-0.0786
0.2431
0.4816
1.3718
1.0801
0.8703
0.4333
-0.1720
-0.4786
0.4273
0.6459
-0.1720
-0.8676
0.7024
-0.7038
-0.1394
-0.5010
-0.0049
0.5570
1.3310
-0.7801
0.7894
-0.4814
0.7870
0.6372
0.1645
-0.4970
0.2688
-0.0657
0.7374
-0.8423
-0.7232
0.2815
-0.0735
0.3152
-0.3257
-0.6502
-0.7830
0.3476
0.3384
-0.4095
0.5364
0.0365
0.4257
0.4748
-0.4797
0.5363
-0.9207
-0.3594
-0.3567
-0.8197
0.4619
-0.2767
-0.9212
0.5919
0.4842
-0.4500
-0.2696
-0.5741
0.6868
-0.2552
-0.4901
-0.2561
0.2132
-0.2280
0.8072
-0.6177
0.3104
-0.1861
1.5193
0.7364
0.2677
0.4173
0.9401
-0.6640
0.2388
-0.1721
0.3194
-0.7049
0.5959
1.0163
0.8649
-0.2054
0.3704
-0.5975
1.0536
-0.7863
-0.4963
0.0856
0.9379
0.0994
1.6373
-0.0364
1.0114
0.2352
0.8422
0.4648
2.0839
-0.2182
0.9364
-0.1706
0.3509
-0.2239
0.6094
0.2023
0.0070
0.6391
0.5426
-0.4710
0.0262
0.8481
-0.0692
0.3811
0.6101
0.5064
0.3706
-1.1084
0.0604
-0.3368
-0.9368
-0.4292
0.0854
0.7157
0.3688
0.2829
0.7876
-0.0766
1.6444
-0.9242
0.0842
-0.2408
1.5945
-0.1348
0.0163
-0.5322
-0.1284
-0.5642
-0.6791
0.2500
-0.4599
-0.3184
-0.3717
0.0248
-0.5604
-0.3606
0.1343
-0.2132
0.1089
-0.5568
0.0154
-0.4608
-0.3606
0.5337
0.2250
0.4737
-0.0594
-0.0759
-0.4203
0.3673
-0.2687
-0.6359
0.1856
0.1033
-0.7684
-0.6818
0.4832
-0.2965
0.7990
0.7508
0.3858
-0.0248
-0.2898
0.0457
0.0243
0.5311
-0.3023
-0.1405
-0.1300
0.7431
0.1510
0.7276
-0.3406
-0.6392
-0.6072
-0.3951
-0.2849
-0.0011
-0.5342
-0.1502
-0.7247
0.6971
-0.5995
0.1868
0.5494
0.0640
0.0735
0.2965
0.1480
0.8674
0.4876
0.1371
0.1893
0.0977
-0.4524
-0.2821
-0.8127
0.2082
-0.5599
0.5939
-0.4093
-0.4614
-0.0972
-0.4355
-0.5677
-0.0850
-0.2728
0.6926
-0.5481
-0.4368
-0.5407
-0.1600
-0.8209
0.5156
0.1271
-0.1728
-0.3797
-0.5500
0.1533
0.4266
0.3546
0.2934
0.7289
0.2918
1.2091
-0.1880
0.6803
-0.9647
0.1130
0.4754
0.0604
0.1720
0.4122
0.3173
-0.6363
0.0561
-1.4719
0.5183
0.2014
-0.3594
-0.8568
0.0723
-0.6684
-0.4045
-1.2739
0.2505
-1.1193
-0.5299
-1.4275
-0.4925
-1.2119
0.1721
-2.4066
0.2625
-0.9746
-0.0081
-1.1289
0.4887
-1.9629
0.0408
-0.6035
0.0211
-0.1004
0.1356
-0.4896
-0.0207
-0.2262
-0.4409
0.8599
-0.3909
0.6184
-0.1566
-0.1615
-1.2762
0.2967
0.2095
-0.1461
0.7638
-0.4462
0.8941
0.5458
-0.2849
-0.4644
0.5746
0.0682
0.1222
-0.6085
-0.6036
-0.4901
-0.8431
0.3871
-0.0714
-1.0418
-0.5931
-0.4347
-0.9118
-0.3906
-0.5461
-0.4105
-0.5044
0.5320
0.4651
0.1470
-0.0836
0.5894
0.4660
-0.3459
0.1368
-0.3875
-0.5880
0.6041
0.0507
-0.9587
-0.0969
-1.2867
-0.5826
-0.6273
0.6610
-0.0786
-0.2115
-1.4734
0.3842
-0.3811
0.3394
-1.1368
-0.8341
-0.1185
-0.6507
-0.2111
-0.4343
-0.7489
-0.6872
-0.5772
-0.1253
-0.7663
0.1506
-0.1823
-0.0326
-1.1166
-0.3808
-1.2627
0.5809
-0.5672
0.3358
0.3470
-0.8445
-0.6002
0.2683
-0.0354
-0.8317
0.5772
-0.4523
-0.1099
-1.0310
-0.5411
-0.2098
-0.0449
-0.0123
-0.0945
0.8632
-0.0220
0.3652
-0.1798
0.2780
-0.5580
-0.1003
-0.9357
-1.2293
-1.1936
0.1117
-1.2090
0.6642
-1.7345
-0.3904
-0.9828
0.0897
-1.3250
0.3196
-0.9918
-0.3431
-1.2086
0.6151
-0.8006
-0.2396
-0.3012
0.7248
-1.9550
0.2910
-0.4313
-0.1659
-1.7998
0.4092
-0.3842
0.0780
-0.8372
-0.2051
-0.0215
0.4892
-0.9971
-0.0036
-0.4301
-0.0714
-0.8234
0.3403
0.4175
0.1438
0.2005
0.2714
0.4750
-0.1051
0.3466
-0.5586
-0.6647
-1.3811
0.1220
-0.9343
-0.4047
-0.7642
0.2820
-0.1416
0.8059
-0.1871
-0.4726
-0.3626
0.0447
0.1505
0.0390
-0.5981
-0.4469
0.5374
0.1143
0.0974
-0.5351
0.0779
0.3513
0.3864
-1.0326
0.7797
0.0771
-0.2615
-0.8049
0.2446
-0.0773
0.5378
1.7902
0.5509
0.3865
0.5310
-0.0285
0.0816
1.2092
-0.5091
1.2500
0.0539
0.4585
0.7177
0.4803
-0.1946
1.5202
0.2713
0.9028
-0.1613
0.5919
0.3452
0.3890
-1.0111
0.5826
-0.2783
1.1191
-0.0142
0.0143
0.6710
0.1130
0.5026
0.1125
-0.0389
0.3070
-0.0221
0.7318
-0.3913
0.5255
0.5208
0.7501
-0.8340
0.9258
-0.6548
1.3688
-0.0857
0.2820
0.5636
1.4877
0.7662
2.2886
-0.9024
0.8347
-0.8307
1.1227
0.3911
0.9616
-0.6500
1.1894
0.9366
1.0828
-0.5640
2.2303
-0.4247
1.7260
-0.2786
1.5568
0.2402
0.4097
0.5735
0.9215
0.1055
0.6788
0.2222
1.2205
0.2204
0.6240
-0.2738
-0.0823
-0.2838
0.9197
-1.0281
1.1280
0.6586
1.2286
0.0640
0.5398
0.3872
0.1613
-0.5446
0.1832
0.3543
-0.8387
0.0011
-0.4497
0.1517
-0.6121
0.0090
-1.0402
0.2459
-0.7087
-0.0861
-1.3686
0.8788
0.0592
0.2086
-0.9571
0.3017
-0.2518
0.4155
-0.4775
-0.1377
-0.6595
0.2008
0.4157
0.8071
-0.2278
0.7093
0.5066
-0.6794
-0.2926
-0.1152
0.6677
0.0498
0.1401
-0.8310
0.0496
0.1223
-1.0531
-0.1014
-0.1398
-0.9913
0.3026
0.3294
0.5672
0.0435
-0.5994
0.2844
0.3688
0.3602
0.9640
-0.0523
-0.6159
-0.5840
-0.7135
0.5340
-1.1163
0.2144
-0.7287
-0.1948
-0.3123
0.2082
-0.6531
0.3641
-0.5422
-0.8862
-0.7376
-0.1052
-0.8930
0.5751
-1.3821
-0.1775
-0.8657
-0.3601
0.0739
-0.3584
-0.2307
0.2020
-0.4708
-0.0932
-0.9161
-0.8555
-1.1571
-0.4431
-2.1025
0.0327
0.1770
0.3228
-1.5790
0.3643
-0.7119
-0.5359
-0.4079
0.0325
-0.0398
-0.8103
-0.3979
0.1059
-0.5196
0.5071
-0.2519
0.6391
-0.3547
-0.8795
0.1353
-0.0498
-0.6886
0.5730
-0.6040
0.6186
-0.6335
0.3129
-0.3437
0.1795
-0.7476
1.3542
-1.2996
0.2980
-1.7900
0.2907
-1.5786
0.3817
-1.1911
0.1090
-0.7989
-0.9265
-0.3555
-0.3146
-1.4996
0.1265
-0.7088
-0.9643
-0.9576
-0.4469
-1.0724
0.2204
-1.2120
-0.2760
-0.6550
-0.1554
-0.8689
-0.8266
-1.5612
0.5882
-1.3571
0.2496
-1.1704
-0.1641
-0.7246
-0.3338
-0.2302
0.7400
-1.6956
0.0043
-0.6442
-0.4609
-0.9952
0.4737
-0.7093
-0.3580
-0.9902
0.2250
-0.0018
0.3556
-1.2127
-0.1961
-0.5474
-0.6752
-0.8271
0.2485
-0.6424
1.0915
-1.4453
0.9522
-2.9076
1.1190
-1.6534
-0.4707
-1.8224
0.3628
-1.2947
0.2712
-0.9034
-0.0115
-2.2859
0.4408
-1.0589
0.7190
-0.9224
-0.7921
-1.5640
-0.1803
-0.7053
1.3003
-1.7916
0.3976
-1.7300
0.0108
-1.0976
-0.3427
-0.5703
-0.0795
-0.8613
0.0749
-2.1440
0.7804
-1.5429
-0.7396
-0.8087
0.9143
-1.1362
-0.0818
-1.3116
-0.5010
-1.2438
0.3606
-0.8088
0.6366
0.1714
-0.2127
-0.0163
0.5190
0.6992
-0.5349
-0.2806
-0.3088
-0.0519
0.7515
-1.5316
-0.4465
-0.7664
-0.4842
-1.1279
0.8333
-2.2941
-0.0126
-1.8043
0.7348
-0.9231
0.0895
-1.1537
-0.1257
-1.5531
1.6720
-1.1646
-0.6450
-1.1986
-0.0994
-1.8689
0.5627
-1.1607
0.1843
-1.0875
0.6081
-1.0743
0.1432
-1.1124
0.4515
-0.4456
-0.1265
-0.8479
-0.2420
-1.9788
-0.0843
-0.9811
-0.1422
-0.9134
0.2320
-1.2617
0.0559
0.3148
-0.0684
-0.7603
0.4176
-0.7242
0.0996
-0.9508
-0.1547
-0.4085
0.1496
-0.0916
0.2513
-0.4323
-0.1282
-1.0511
-0.1296
-2.2656
0.4225
-1.1428
-0.0793
0.0908
0.2917
-1.0900
0.6189
-1.1466
-0.5692
-0.9919
-0.1652
-0.8314
0.1447
0.0277
0.6828
-0.2058
-0.2687
0.6437
-0.4290
0.8686
0.6097
-0.6796
-0.5171
-0.2598
-0.5318
0.2328
-0.7882
-0.2517
0.1004
-0.2358
0.2369
-1.4559
-0.3219
-0.4775
0.0465
-1.6887
0.3416
-1.6919
1.2466
-0.9721
0.0060
-1.3291
-0.4232
-1.3122
1.0204
-1.0662
0.7489
-1.7445
-0.1255
-1.4206
0.0450
-1.4178
0.6072
-0.0838
-0.0183
-0.6083
0.1215
-1.2206
0.5464
-0.4924
0.1332
-0.4405
-0.1221
-0.4918
0.2565
-0.3753
-0.1006
-0.5590
-0.5791
-0.8485
0.6944
-1.4646
0.1083
-0.0722
-0.0697
-1.4608
0.2744
-0.5207
-0.5385
-0.6020
-0.5743
-0.4217
-0.5867
-0.6120
0.3557
-0.2259
0.8861
1.0874
-0.3576
0.0040
-0.3454
0.4519
-0.2017
-0.1051
0.7035
0.3629
-0.4515
0.3618
-0.3938
1.1126
-0.2673
0.2822
-0.0705
-0.1572
-1.1948
0.7407
0.1813
-0.1731
-0.2943
-0.0764
0.7864
-0.5910
-0.4875
-0.3958
0.0293
-0.3940
-0.3129
0.0249
-0.6579
-0.9387
-0.6405
-0.6205
0.4479
-1.1356
-0.7576
-0.4060
-0.5391
-0.0946
0.3511
-0.4557
-0.0155
0.5227
-0.5313
0.2118
-0.0102
0.8631
0.3343
-0.4440
-0.3034
-0.1457
-0.5636
0.8145
-0.4773
0.1315
-1.5939
0.8380
-0.5066
0.4736
0.6020
0.4454
0.1438
-0.1170
0.1315
0.3637
-0.5485
0.7950
-0.7019
0.6849
0.0516
0.1167
-0.0986
1.5220
-0.6692
-0.2203
0.4016
0.1541
0.0035
-0.7761
0.0865
0.2627
-0.5652
0.7997
0.2616
0.0299
-0.2541
0.1615
-0.5139
0.4314
-0.1497
0.1816
0.2142
-0.2787
0.4270
0.3503
1.0630
0.9274
-0.6916
0.0501
-0.5674
-0.1754
-0.2072
0.1321
-0.2933
0.0588
-0.6341
-1.1035
0.0715
-0.0600
0.5951
-0.3383
0.1868
-0.4791
0.8395
-0.1905
1.0469
-0.7077
0.1255
-0.4748
0.7231
-1.0406
0.6981
-0.4709
1.1097
-1.2610
-0.3677
-0.5680
0.4501
-0.9458
0.7452
0.1098
0.3774
-0.5076
0.6352
0.0852
-0.5461
0.8034
-0.9666
0.8597
-0.4893
1.3494
0.2860
0.9214
-0.7590
1.3453
0.7569
1.0586
0.2730
1.1237
-0.2840
0.8336
-0.1119
0.1435
0.8920
1.2223
-0.3311
0.7383
-0.1925
1.3670
0.5033
0.6364
0.0203
1.2617
-0.2471
0.6133
-0.3894
0.5165
-0.2947
0.1850
-0.5981
0.7541
-0.2312
0.6641
-0.7201
0.5158
0.0026
1.0470
0.0387
0.0171
-0.0168
2.0784
0.5005
0.6614
1.0165
1.0597
-0.1478
0.5443
-0.5712
1.1245
0.2548
0.4966
1.3199
0.6041
-0.3421
0.7133
0.2453
-0.2871
0.2696
1.6215
-0.1377
-0.1856
-0.4712
0.7945
0.5369
-0.7480
0.5135
-0.0362
0.3688
0.4358
0.2666
0.8395
-0.0479
0.0603
0.0234
0.4345
-0.3699
0.5064
0.4139
-0.0669
-0.0525
-0.0079
0.2820
0.7610
-0.1915
0.3973
-0.0829
0.8237
0.1281
0.8772
0.3075
-0.3137
0.0174
0.2964
-0.9525
-0.0589
0.0791
1.2364
0.2017
0.9120
0.9261
1.3815
-0.4729
0.7351
0.4240
0.9954
-0.0407
0.0838
0.1303
1.0846
0.1270
0.0138
1.0024
0.1925
0.3193
0.8768
0.5045
-0.2416
0.4600
-0.5181
0.9358
-0.2335
0.7417
-0.3052
0.1003
0.2868
0.8918
-0.3188
0.0229
-0.4116
-0.3377
0.3411
-0.2327
1.0301
-0.4544
0.5874
-0.2917
0.7415
-0.4105
0.2520
-0.3321
0.8787
0.4658
0.6527
-0.2965
-0.3304
0.4280
1.0744
-0.0649
0.8469
-0.6451
0.2334
0.0532
0.1144
-0.0881
0.6743
-0.1533
1.0555
0.0821
0.9858
0.4991
-0.0523
-0.0577
0.2462
-0.0406
-0.0675
-0.3531
0.5197
-0.5040
-0.6537
-0.0593
-0.4189
-0.4659
-0.5130
-0.3282
0.7840
0.1947
1.1343
0.9844
1.0129
0.7276
-0.3827
0.5121
-0.2765
-0.1937
-0.1730
0.1616
0.4463
0.2516
0.2329
-0.3161
1.7850
-0.0383
0.2010
-0.2731
-0.2561
-0.7079
-0.0712
-0.5468
0.3391
0.0852
0.0643
-0.1081
0.7467
-1.0242
0.9197
-0.1754
0.3058
0.1182
1.8297
-0.5504
0.7760
-0.1560
1.2772
-0.4542
0.5708
-0.0208
0.0105
-0.3813
0.7677
-0.3521
0.7189
-0.2558
0.7666
-0.3104
0.1631
0.3936
0.8810
-0.3005
0.4376
-0.3624
1.4136
-0.4988
1.9226
0.3335
0.2615
-0.4345
-0.5147
-0.0931
0.5951
0.0175
0.2832
0.2439
0.3473
-0.0834
0.6253
-0.8460
0.8374
-0.4828
0.0242
-0.3216
0.5697
0.9268
-0.4083
-0.9373
0.1711
-0.4360
1.2859
0.5379
0.0854
0.5238
0.2465
-0.3697
0.6792
-0.8665
1.6732
0.4173
-0.5844
-0.4441
0.7448
0.0784
1.1165
-0.1498
0.5928
0.0404
1.1834
0.2744
1.7715
0.1421
0.7465
0.0661
0.6057
-0.5989
1.3512
0.1338
0.5695
-0.3484
2.0483
-0.6072
2.2738
0.3474
-0.3115
0.1949
0.2956
-0.6076
1.5497
-0.6645
0.9620
0.1633
0.7214
-0.1811
0.4754
-0.5312
-0.0395
-0.0763
0.1684
0.9360
0.6967
0.7965
0.0944
-0.2096
0.1605
-0.2033
0.7210
-0.3809
1.6124
0.1585
1.2746
-0.3113
0.2023
-0.8910
0.0311
0.5035
0.4575
-0.5398
0.5549
-0.2525
0.8294
0.0152
-0.1697
0.1251
1.1554
0.5078
1.7657
0.0910
1.4230
-0.0848
0.5447
-0.0920
1.0037
0.4904
0.8973
0.3114
1.5822
-0.5677
0.8996
-0.8890
1.6477
0.3044
1.0300
0.0529
0.7812
1.0871
1.0904
0.0504
1.9362
0.8466
0.8217
-0.1501
1.6776
-0.2676
1.3767
-0.7359
1.9490
-0.4965
1.6589
0.4980
0.3673
0.0003
0.8883
-0.3608
0.8353
-0.2337
0.9397
0.3621
0.6630
-0.5367
1.4178
0.3034
1.3184
-0.1510
1.9579
-0.2979
1.4186
0.1310
2.1050
-0.1229
1.3119
-1.0362
1.5523
-0.6107
1.3664
-0.2659
2.4818
0.4908
0.8976
-0.0443
1.8979
-0.4484
1.8070
0.5893
1.7402
0.0550
2.1093
-0.4150
1.6986
-0.3072
1.0160
0.1471
1.0682
-0.1254
0.5065
-0.0483
0.7243
-0.0070
0.7851
0.0659
0.2639
1.1102
-0.6521
-0.2989
0.5071
-0.0023
0.2524
0.1196
0.7172
0.0245
0.5024
0.1582
-0.5866
-0.4947
-0.8638
0.3447
0.4607
-0.1956
-0.5600
-0.4847
0.6188
0.0320
0.2464
-0.0530
0.6376
-0.5437
0.2381
0.7932
0.4462
0.1976
-0.6400
-0.5363
1.0633
0.4212
0.5522
-0.4753
0.1007
0.5632
1.0755
0.8297
0.6077
0.1035
0.5101
0.0747
-0.1643
-0.6155
-0.1494
0.8165
-0.6802
0.4837
0.0090
0.4585
0.2180
0.0675
-0.5799
0.3463
0.0788
0.1341
1.1121
0.1299
0.7841
0.1888
0.4475
-0.2865
-0.0742
-0.1683
0.3429
-0.4255
-0.4036
-0.5729
0.2003
-0.1320
0.5809
0.7143
1.2892
-0.4400
-0.5901
-0.0929
0.1202
0.0083
0.3313
0.3424
-0.5728
0.4576
-0.1084
0.9411
-0.8166
-0.4243
0.5433
0.1110
-1.2943
0.2109
-0.7406
-0.2709
0.0218
-0.9508
-0.8952
-0.4960
-0.5616
-0.3110
-0.1407
0.5293
-0.0727
0.1643
-0.1156
1.2776
-0.9779
0.3605
-0.7201
0.5376
-1.0928
-0.1438
-1.9117
0.0142
-0.7061
0.2555
-0.1107
0.3645
-1.0661
0.9004
-0.2763
0.8381
-1.4145
1.3389
-0.3802
-0.2304
-0.6486
-0.3666
-0.3648
-0.7020
-0.4802
0.5577
0.0054
0.0184
-2.0341
-0.7596
-0.2859
-0.1894
-0.7270
-0.4233
0.4608
0.8604
0.3239
-0.0929
-0.3976
0.9318
-0.4282
0.0429
-0.9571
-0.6957
-0.2141
-0.6156
-0.5442
0.6311
-0.6003
0.2905
-0.2049
-0.2025
-0.1320
1.2295
-0.9142
-0.7156
-0.3655
-0.7460
-0.3714
-0.2451
-0.0812
-0.0278
0.4660
0.2487
-0.8738
0.9604
-0.3704
0.3358
0.2015
0.3365
-0.4409
-0.0468
0.4091
0.6040
-1.2140
0.3604
-1.1422
-0.9169
-0.9388
-0.7000
0.0269
0.3388
0.6960
0.6327
0.4060
0.1169
-0.4829
-0.4532
-0.1016
0.2422
0.2971
-0.4120
0.1021
-1.0763
-1.2373
0.6306
0.2452
0.1799
-0.2737
-0.1564
-0.2392
0.1094
-0.5731
0.3143
1.0397
-0.4851
0.0335
1.0766
-0.6184
-0.4430
0.9360
-0.4812
-0.7587
-0.6585
-0.0910
-0.1721
-0.9299
0.0218
-0.4616
0.1625
-0.3977
0.0517
-0.4479
-1.2348
0.7681
0.8566
-0.6653
-1.3100
-0.3616
-0.3142
-0.8061
-0.0872
0.7886
-1.1419
0.1842
0.5105
-0.0858
-0.2638
-1.7022
0.2301
-0.8635
0.3907
-0.8374
1.0119
-0.3869
1.1556
-0.9280
0.2883
-0.0567
-0.1658
0.1042
0.6924
-0.2690
0.5157
0.0796
0.8639
-0.2762
0.1164
0.0526
0.3825
-0.4287
-0.3307
-1.0487
-0.0135
0.0935
0.1406
0.2891
-0.8204
1.2751
-0.5286
0.4811
0.2144
0.3985
-0.2977
-0.0438
-0.1356
0.0072
-0.2949
0.4400
-0.2302
-0.2550
0.2833
0.2376
-0.4141
-0.5891
0.0722
-0.0700
-0.2026
-0.2470
0.2150
-0.1694
-0.9406
-0.3838
-0.5584
-0.6739
-0.4806
-0.4185
-0.7550
-1.7138
-0.2835
-0.5318
0.2169
0.0834
-0.5367
-1.4473
-0.1743
-1.0976
-0.2648
-2.0571
1.7388
-2.2779
0.4069
-1.4956
0.2935
-1.7686
0.9434
-1.4791
1.3808
-1.9200
0.5898
-2.4185
0.4692
-1.4883
0.4654
-1.4254
0.6533
-1.7576
-0.1670
-1.4419
0.0759
-1.3518
0.1373
-1.4112
-0.3011
-1.1283
0.8104
-1.9943
-0.1541
-1.0769
-0.1950
-1.7981
-0.2074
-1.0238
-0.7522
-2.5738
0.1533
-2.1725
-0.0453
-1.9739
1.0033
-1.3671
0.3412
-2.3915
0.2409
-0.9921
-0.4785
-1.9428
0.1536
-2.5281
-0.8865
-1.8523
1.1001
-1.9428
0.3307
-1.4036
0.2852
0.0844
0.1165
-0.2907
0.5120
-1.6639
-0.1655
-1.6983
-0.5466
-1.1531
-0.8582
-0.2138
0.2206
-0.8841
0.2042
-0.4936
-0.2928
-0.8038
0.0476
-1.3504
0.4774
-0.9507
-0.1762
-0.6549
-0.7518
-0.4461
-0.0637
-1.4415
-0.5336
-0.3517
-0.4480
-0.9269
-0.1181
-0.9509
0.3761
-0.0046
0.0182
-1.0997
0.5960
0.1855
0.5600
0.0588
0.3921
-0.3621
-0.4548
-0.5258
0.1482
0.0486
1.0090
-0.0999
-0.1562
-0.0612
-0.0945
-1.1434
-0.1073
0.7387
-0.3632
0.5105
-0.2296
0.1900
0.0711
1.3829
0.8889
-0.5299
-1.0714
0.2409
0.1433
0.4684
-1.0160
0.5303
-1.9765
0.7378
-0.5905
1.1761
-0.6189
0.3122
0.1766
0.3750
-0.3771
0.3699
-0.5197
1.0058
0.3153
1.1761
-0.3479
0.4950
0.2583
0.9882
0.4617
-0.2100
-0.6424
1.1856
-1.3935
-0.5275
0.1270
-0.1079
-0.5268
0.4152
0.0464
0.4726
0.8890
0.0239
-0.4178
-0.0418
-0.1944
0.3475
-0.2681
0.2347
-0.0781
0.0088
-0.3675
-0.0765
0.2319
-0.3338
-0.4084
-0.6027
0.8024
-0.7428
-0.0152
0.3916
0.8149
-0.1009
-0.5062
0.5462
-0.1666
-0.2198
-0.4728
-0.2659
1.1038
-0.6846
0.5019
-0.2857
-0.2098
-0.2681
0.2446
0.1196
0.4088
-0.7650
0.3640
0.9781
-0.6187
0.6637
-0.8580
0.4547
0.0214
0.8478
0.6314
-1.4644
-0.8601
-0.8926
-0.1807
0.0687
0.4674
-0.1777
0.4064
0.7454
-0.0326
-0.9067
-0.3697
-0.0883
-0.4106
-0.0974
-0.1965
-0.1992
-0.1449
0.2246
-0.3023
-0.7115
0.0114
-0.3099
0.1574
1.2868
0.7935
0.5850
-0.1022
0.0271
0.3454
-0.3788
-0.3165
0.1074
-0.3302
-1.2031
0.5755
0.6500
0.2237
-0.4794
-0.3490
-0.7878
-0.5720
0.5292
0.1790
-1.0892
-0.4656
0.0476
0.8731
0.2012
-0.4351
-0.1168
0.5958
-0.2931
-0.4357
-0.4002
0.0517
-0.1237
-0.2656
0.4371
0.1102
0.5180
-0.8298
0.5262
0.1126
0.4436
-0.0765
-0.2042
-0.7601
0.2350
-0.2964
-0.3757
-0.7274
-0.2985
-0.2593
0.0459
-0.1820
0.4263
0.5375
1.2119
0.4058
0.7998
-0.3666
0.2191
1.5546
-0.4390
0.1941
-0.3818
0.1866
-0.9566
-0.2196
0.7577
0.2515
-0.0989
-0.2691
0.9521
-0.3038
1.0628
-0.2820
0.3141
0.6542
-0.0696
0.6515
-0.2709
0.2388
-0.7598
-0.1653
-0.7501
-0.5399
0.1471
0.2159
0.7671
0.6653
0.6727
0.5487
-1.2790
0.8903
0.2423
-0.1276
0.1644
-0.3030
-0.6355
-0.1168
-0.5987
-0.4067
0.5461
-0.2081
0.1824
0.4885
0.9832
-0.2994
-0.0967
-0.0565
-0.3246
-0.3516
0.3327
0.2156
0.3665
-0.3962
-0.5515
-0.4727
1.2927
0.7843
1.1255
0.5407
0.4933
-0.3209
0.4448
-0.0611
-0.3739
-0.5081
0.3511
-0.2607
0.5078
0.2519
0.9044
-0.3797
1.2207
-0.0181
1.4325
0.1450
0.4160
-0.6553
0.8747
0.3505
0.8284
0.9866
0.6684
0.5440
0.5530
0.0130
0.5255
-0.2648
0.7174
0.2815
0.3041
0.0019
0.0613
0.6466
0.5301
0.7160
0.3113
0.9816
-0.2117
-0.0967
0.4364
-0.2882
0.1558
1.0577
0.0261
1.4887
-0.1853
-0.5148
-0.6877
0.1017
-0.0755
0.9231
0.4514
-0.8674
0.8140
0.0892
0.3820
0.6043
0.4818
-0.2661
0.7237
0.8874
0.9174
-0.3567
0.1740
-0.2714
0.1991
0.1292
-0.8007
-0.3383
0.2663
0.3822
0.9963
-0.6400
0.2424
-0.1475
1.5284
-0.3445
0.5951
-0.3549
0.7373
-0.5976
0.4249
-0.3934
0.3062
0.9582
0.8831
-0.3797
0.5309
-0.4318
-0.1248
-0.6846
1.9044
-0.7826
1.7384
0.1661
1.0016
-0.5831
1.2117
-0.3891
1.9950
0.2112
1.8491
-0.5439
1.9062
-0.0406
0.2856
-0.4958
-0.3378
0.1220
-0.0307
-0.3356
-0.2281
0.5881
-0.4840
-0.3491
-0.5354
0.4774
-0.2125
-0.0851
0.5506
